filename	likes	comments	timePOSIX
1111455689313734146_451987162.jpg	21	1	1446715860
1110961410830689692_646843768.jpg	24	0	1446656940
1110864154289780865_2036982573.jpg	14	0	1446645300
1110835256254586238_2218965566.jpg	42	6	1446641880
1110795673443518279_753402320.jpg	2	0	1446637140
1110789802005379465_2036982573.jpg	16	0	1446636480
1110570520646524750_249392566.jpg	6	1	1446610320
1110547100282790304_624488207.jpg	14	0	1446607500
1110521486640917358_2206422793.jpg	1	0	1446604440
1110444019389315569_2036982573.jpg	24	0	1446595260
1110385578633345237_2036982573.jpg	22	0	1446588240
1110385468290110811_346478076.jpg	118	2	1446588240
1110345211118633266_1450454623.jpg	38	0	1446583440
1110338322469182852_310954566.jpg	17	0	1446582660
1109387902095374593_1358210173.jpg	8	1	1446469320
1109278964582038012_259723693.jpg	41	0	1446456360
1109238917064116685_327737385.jpg	77	0	1446451560
1108999592424800077_2189355542.jpg	108	2	1446423060
1108941915292498658_15980829.jpg	19	1	1446416160
1108647994607994133_838900960.jpg	9	0	1446381120
1108528027371364105_2218965566.jpg	57	16	1446370440
1108380675154943343_1141060294.jpg	16	0	1446349260
1108231015318177099_1297286808.jpg	14	0	1446331440
1108200977145803285_29370267.jpg	19	3	1446327840
1108108017689921492_1738252784.jpg	153	0	1446316740
1108043133929794946_1147148210.jpg	29	0	1446309000
1107926070377958865_2208784466.jpg	33	1	1446295080
1107125013535737624_22204048.jpg	38	0	1446199560
1106434071171962607_2112241540.jpg	18	1	1446117240
1106389362852823759_1644511855.jpg	7	0	1446111900
1106065052901420930_2189352666.jpg	11	0	1446073200
1106029806849509398_336254241.jpg	9	0	1446069000
1105202133324027801_2213769628.jpg	5	2	1445970360
1104507587858136481_2223905126.jpg	6	0	1445887560
1104356673562386158_1141060294.jpg	17	0	1445869560
1103993008707378615_1141060294.jpg	22	2	1445826240
1103828115343817504_2036982573.jpg	25	1	1445806560
1103821929031074381_1444498007.jpg	8	0	1445805840
1103675206747957344_1161286929.jpg	2	0	1445788320
1103614950100721510_514926046.jpg	2	0	1445781120
1103496568581405335_2036982573.jpg	32	0	1445767020
1103439038084091602_1971204930.jpg	52	0	1445760180
1103332738590748358_1574509266.jpg	2	0	1445747520
1103241906187282609_1161286929.jpg	5	0	1445736660
1103168088190761944_2036982573.jpg	15	0	1445727900
1102896327113063015_2036982573.jpg	23	0	1445695500
1102839345572232184_2036982573.jpg	13	0	1445688660
1102569486912828359_248977027.jpg	16	7	1445656500
1102454973135569641_276016775.jpg	35	2	1445642880
1102415064744867864_2036982573.jpg	27	0	1445638080
1102411028012481444_2036982573.jpg	31	0	1445637600
1102335500886751955_2036982573.jpg	20	0	1445628600
1102253183367395690_2036982573.jpg	14	0	1445618820
1102174545485772836_2036982573.jpg	23	1	1445609460
1102148407028233452_2132462956.jpg	7	0	1445606340
1102116955268297184_422783307.jpg	13	0	1445602560
1102085087079971618_2036982573.jpg	16	0	1445598780
1102061963714246946_2036982573.jpg	24	0	1445596020
1101753401939081830_2036982573.jpg	34	0	1445559240
1101585623328011896_1296867348.jpg	4	0	1445539260
1101537777721836393_241129639.jpg	13	4	1445533500
1101376189068620715_242370139.jpg	9	0	1445514240
1101019932204218797_2036982573.jpg	23	0	1445471820
1100946983234841669_1238559106.jpg	2	0	1445463120
1100893033452812615_2036982573.jpg	19	0	1445456640
1100868722589133282_1014184313.jpg	15	0	1445453760
1100601160344911667_191518950.jpg	15	0	1445421900
1100297215572703036_1540931020.jpg	8	0	1445385660
1100150040954988741_26479153.jpg	17	0	1445368080
1099663511067422596_345482170.jpg	36	0	1445310120
1099421228940713608_2218965566.jpg	51	12	1445281200
1099326745368291389_1014184313.jpg	3	0	1445269980
1099205935626978322_1578595768.jpg	3	0	1445255580
1099185711615857111_2028635787.jpg	14	2	1445253120
1098787910620629214_2020725593.jpg	14	0	1445205720
1098721948255031613_13337723.jpg	20	0	1445197860
1098702170305692897_794735352.jpg	103	5	1445195520
1098662667473673417_1522399118.jpg	25	1	1445190780
1098561658064371030_325594766.jpg	446	1	1445178720
1098546177347147448_2094547292.jpg	21	2	1445176920
1098501362862067557_2229712882.jpg	33	1	1445171580
1098468951010274233_1014184313.jpg	18	0	1445167680
1098423296606825307_1014184313.jpg	11	0	1445162280
1098342332932619334_827538646.jpg	69	0	1445152620
1098012340076630120_589969307.jpg	10	0	1445113260
1097357706234706807_2036982573.jpg	18	0	1445035200
1097286609759952258_2218965566.jpg	53	24	1445026740
1097220968745023554_2036982573.jpg	21	0	1445018940
1097060784852711984_2036982573.jpg	41	1	1444999800
1097028100326532014_1697126383.jpg	46	1	1444995960
1097007576390318451_2036982573.jpg	24	0	1444993500
1096856369393116155_1687329935.jpg	6	0	1444975440
1096648553288181479_1460953080.jpg	7	0	1444950660
1096643727252036916_1141060294.jpg	15	1	1444950120
1096621684634958624_2036982573.jpg	24	0	1444947480
1096592252071682517_1221462919.jpg	4	0	1444944000
1096513992230272246_1958552142.jpg	3	0	1444934640
1096340013270981738_514926046.jpg	6	2	1444913880
1096157799823030854_259723693.jpg	40	1	1444892160
1095929720264992171_1460953080.jpg	12	0	1444864980
1095744276269751009_1563838701.jpg	59	8	1444842900
1095587561854195677_1664047548.jpg	36	4	1444824180
1095130102252382569_2212636481.jpg	3	1	1444769700
1095101122011867492_1580527441.jpg	36	2	1444766220
1095093664967958936_624488207.jpg	14	0	1444765320
1095053021733625777_1991512470.jpg	50	0	1444760460
1094730699195796278_282689593.jpg	50	4	1444722060
1094331444468183829_1713956083.jpg	4	0	1444674480
1094250374808158195_1116959558.jpg	15	0	1444664820
1094223774655960169_1664047548.jpg	29	2	1444661640
1093841061418007299_1249850925.jpg	6	0	1444615980
1093604426665468102_3111.jpg	6	0	1444587780
1093602138144373407_2226833325.jpg	74	8	1444587540
1093442273137231829_2093803936.jpg	29	5	1444568460
1093266260680846851_2227059938.jpg	8	4	1444547460
1093163060432839190_1221462919.jpg	1	0	1444535160
1092664555758696886_2036982573.jpg	22	0	1444475760
1092646473736955568_367237856.jpg	14	2	1444473600
1092643685557747065_2159313982.jpg	24	1	1444473240
1092566274812243668_375814186.jpg	18	0	1444464060
1092562438062618969_2036982573.jpg	33	0	1444463580
1092429708890897404_1125595413.jpg	3	0	1444447740
1092056429022658227_12631262.jpg	8	0	1444403280
1092053759422995814_2223165614.jpg	49	13	1444402920
1091935155329329290_500452713.jpg	27	0	1444388820
1091934893864806530_500452713.jpg	27	0	1444388760
1091934752097331326_500452713.jpg	20	0	1444388760
1091934581942806652_500452713.jpg	16	0	1444388760
1091934443321059447_500452713.jpg	19	0	1444388700
1091934270951942258_500452713.jpg	16	0	1444388700
1091934123404716143_500452713.jpg	17	0	1444388700
1091933965145237612_500452713.jpg	14	0	1444388640
1091933793807919206_500452713.jpg	11	0	1444388640
1091933613511567457_500452713.jpg	12	0	1444388640
1091933436595824730_500452713.jpg	14	0	1444388580
1091933203166029911_500452713.jpg	18	2	1444388580
1091932319317125185_500452713.jpg	16	0	1444388460
1091932038827239485_500452713.jpg	11	2	1444388460
1091678391890307500_2223731497.jpg	4	0	1444358220
1091597584580422620_2212636481.jpg	6	0	1444348560
1091577995487361464_2036982573.jpg	48	0	1444346220
1091553821408018616_1123284015.jpg	15	0	1444343340
1091371129115481370_2068470740.jpg	24	0	1444321560
1091169155603479354_1371561773.jpg	9	0	1444297500
1090839611780432163_2203976599.jpg	10	1	1444258200
1090779344340088533_2165268676.jpg	16	0	1444251000
1090763105564493744_44814480.jpg	18	4	1444249080
1090714381851310890_2036982573.jpg	47	1	1444243260
1090679326101955303_239212775.jpg	4	0	1444239120
1090456765854136417_2036982573.jpg	23	0	1444212540
1090015238157777392_2036982573.jpg	62	0	1444159920
1090008553536003137_1991512470.jpg	50	2	1444159140
1090008141227531316_1991512470.jpg	44	0	1444159080
1090007792420822055_1991512470.jpg	43	0	1444159020
1090007546508778527_1991512470.jpg	40	2	1444159020
1090007302811327513_1991512470.jpg	33	1	1444158960
1090007073307401236_1991512470.jpg	41	2	1444158960
1090006770151496716_1991512470.jpg	32	3	1444158900
1090006513661418500_1991512470.jpg	33	3	1444158900
1089998162044936704_1513755279.jpg	80	3	1444157880
1089646869482226074_1578026711.jpg	18	0	1444116000
1089415984204241586_1194082069.jpg	68	0	1444088520
1089367405247347472_2036982573.jpg	26	2	1444082700
1089240085605923016_2036982573.jpg	45	0	1444067520
1089091103684431562_2224082434.jpg	16	1	1444049760
1089056501439936841_2036982573.jpg	41	0	1444045620
1088911288184081984_1002577050.jpg	50	0	1444028340
1088606947858987697_2036982573.jpg	17	0	1443992040
1088510029069827035_2036982573.jpg	33	1	1443980520
1088318526786814525_1578026711.jpg	15	0	1443957660
1088265017905600849_2214569053.jpg	10	1	1443951300
1087952102938591587_1685714815.jpg	1	0	1443913980
1087872093523609529_704055576.jpg	79	8	1443904440
1087797736575135352_1428230570.jpg	63	8	1443895560
1087778853201379818_292614095.jpg	230	9	1443893340
1087679018926565891_1014184313.jpg	12	0	1443881460
1087510832742657084_36955250.jpg	36	0	1443861360
1087406724273549198_1147148210.jpg	36	2	1443849000
1087129068300688772_514926046.jpg	6	0	1443815880
1087018690552599377_1445141603.jpg	37	0	1443802740
1086707680731872706_1732408470.jpg	59	1	1443765660
1086378815940737378_2036982573.jpg	33	0	1443726420
1086347304940375214_1645612850.jpg	14	0	1443722700
1086317019154365055_2036982573.jpg	28	0	1443719100
1085676934459150271_2208784466.jpg	24	0	1443642780
1085520321027312269_47249929.jpg	50	0	1443624120
1085463664785897985_2036982573.jpg	31	0	1443617340
1085444535125997610_1942766213.jpg	47	11	1443615060
1085413362849351118_515626600.jpg	58	0	1443611340
1085167904857996664_1992838534.jpg	39	1	1443582060
1084900992042582954_36772735.jpg	17	0	1443550260
1084900245078817791_2036982573.jpg	20	0	1443550200
1084895600407231352_2036982573.jpg	35	0	1443549600
1084813139603680811_303284154.jpg	39	0	1443539820
1084797083514530638_1014184313.jpg	10	0	1443537900
1084780395226539572_2042244680.jpg	4	1	1443535920
1084779769629320742_2042244680.jpg	9	0	1443535800
1084778991552374289_2042244680.jpg	1	0	1443535740
1084671677488969905_2036982573.jpg	25	0	1443522960
1084670889538631841_2036982573.jpg	31	2	1443522840
1084378733657734089_2036982573.jpg	32	0	1443488040
1084253752374343747_2036982573.jpg	17	0	1443473100
1084225693654137681_789106741.jpg	48	2	1443469740
1084142488007919258_1999561968.jpg	405	21	1443459840
1084139940105394910_846959837.jpg	12	2	1443459540
1084136918016432033_1471439196.jpg	15	0	1443459180
1083990427820374109_2036982573.jpg	48	2	1443441720
1083989646094383173_2036982573.jpg	18	0	1443441600
1083883064272921960_772875808.jpg	14	0	1443428940
1083679760875960283_273444780.jpg	76	9	1443404700
1083653145505507641_2212636481.jpg	8	0	1443401520
1083627177351756980_192510174.jpg	213	16	1443398400
1083616812810872711_1456633816.jpg	64	0	1443397200
1083543250799179974_2036982573.jpg	16	0	1443388440
1083448411906652964_2036982573.jpg	16	0	1443377100
1083432984903229473_1530436607.jpg	91	13	1443375240
1083431296629568171_2060802395.jpg	33	2	1443375060
1083197231339157793_2036982573.jpg	30	0	1443347160
1083060988281931082_1987267096.jpg	8	0	1443330900
1082900207951664916_1664047548.jpg	39	8	1443311760
1082606905916264782_1503865387.jpg	225	3	1443276780
1082588573011799438_1264429346.jpg	70	4	1443274620
1082580123944310597_1922441620.jpg	36	0	1443273600
1082579651263026998_1922441620.jpg	19	0	1443273540
1082578726200891152_1922441620.jpg	21	0	1443273420
1082576486383834817_1922441620.jpg	9	0	1443273180
1082417226768081820_294999503.jpg	229	2	1443254160
1082389599027411100_789106741.jpg	35	1	1443250860
1082010190754275897_655074279.jpg	20	0	1443205680
1081877555366666930_1530436607.jpg	86	23	1443189840
1081807324030300836_573483963.jpg	31	0	1443181500
1081790103172545743_1752882174.jpg	49	2	1443179400
1081702967982273720_726831132.jpg	28	1	1443169020
1081241357240831870_1971204930.jpg	50	0	1443114000
1081098947102142493_34226179.jpg	299	1	1443097020
1081051157313021493_1571737744.jpg	15	0	1443091320
1081014764587854990_224633466.jpg	23	0	1443087000
1080764708920996659_1499070235.jpg	31	0	1443057180
1080716124790266774_1535202629.jpg	22	0	1443051420
1080636718998633055_2036982573.jpg	25	0	1443041940
1080621129767352709_803446053.jpg	21	2	1443040080
1080557036064427762_2110482770.jpg	27	0	1443032400
1080500506123689363_1264872166.jpg	19	1	1443025680
1080446987259501519_26838989.jpg	18	0	1443019320
1080411887961464601_2207290854.jpg	18	0	1443015120
1080401360275946248_820586581.jpg	41	1	1443013860
1080356054613651969_1176658099.jpg	14	1	1443008460
1080321221102942697_2036982573.jpg	32	3	1443004320
1080171907016097573_905880830.jpg	28	3	1442986500
1080089267864715053_2122564718.jpg	19	0	1442976660
1079985949556234540_34113477.jpg	205	1	1442964360
1079968257920116948_2105060425.jpg	26	4	1442962260
1079896870550121780_1147148210.jpg	32	0	1442953740
1079863025579327248_1528698838.jpg	45	9	1442949720
1079831491491818595_12577458.jpg	69	0	1442945940
1079806324149645554_436692619.jpg	41	1	1442942940
1079795344417922541_1991512470.jpg	64	0	1442941620
1079794683479498202_1991512470.jpg	63	0	1442941560
1079760980829288562_2036982573.jpg	33	0	1442937540
1079713310116637478_1014184313.jpg	11	0	1442931840
1079686325389098313_2148572686.jpg	70	2	1442928660
1079620341286397533_268447648.jpg	22	1	1442920740
1079612212358294529_2047334746.jpg	11	11	1442919780
1079604738200398651_1014184313.jpg	5	0	1442918880
1079586849977565018_372381566.jpg	34	0	1442916780
1079565936700701236_2036982573.jpg	74	0	1442914260
1079534394827430787_653265085.jpg	37	0	1442910540
1079213803346344420_2036982573.jpg	34	1	1442872320
1079148770912919346_514926046.jpg	9	0	1442864580
1079146078934678008_2036982573.jpg	46	0	1442864220
1079082938419153908_219847593.jpg	36	0	1442856720
1078792149529441806_25352988.jpg	13	0	1442822040
1078404590135436006_525982839.jpg	42	1	1442775840
1078369350272314666_12577458.jpg	40	4	1442771640
1078364098173352930_2036982573.jpg	40	2	1442770980
1078269751917732172_2056621719.jpg	147	4	1442759760
1078266160210262191_2036982573.jpg	18	0	1442759340
1078258558738993428_1578262659.jpg	37	0	1442758440
1078248071712225870_2036982573.jpg	29	2	1442757180
1078232626238972237_2161073447.jpg	15	0	1442755320
1078223867440430333_1532847206.jpg	22	1	1442754300
1078199895568971831_2131394125.jpg	11	3	1442751420
1078147190546407482_9046703.jpg	11	0	1442745180
1078000949040252254_640976280.jpg	51	3	1442727720
1077816140877019784_2036982573.jpg	37	0	1442705700
1077775631005530386_2036982573.jpg	23	0	1442700840
1077744868379175923_1120273945.jpg	36	1	1442697180
1077645497715932120_2036982573.jpg	32	1	1442685360
1077589283246193626_2036982573.jpg	19	1	1442678640
1077529688795106906_1387421138.jpg	35	0	1442671560
1077514830455649201_1741990395.jpg	25	0	1442669760
1077495033089023431_1826815310.jpg	60	0	1442667420
1077487038050779181_1578026711.jpg	14	0	1442666460
1077482167695397605_240099947.jpg	27	0	1442665860
1077479343921896694_2179249678.jpg	29	0	1442665560
1077445706288321276_1460771395.jpg	13	0	1442661540
1077383314356590199_1902572580.jpg	25	0	1442654100
1077368077547544933_1499506095.jpg	56	8	1442652300
1077325870351350864_2194107142.jpg	18	1	1442647260
1077313251207989366_793306201.jpg	29	0	1442645760
1077274415340736932_1833725019.jpg	21	0	1442641080
1077144036160191138_360079237.jpg	78	3	1442625540
1077060477644714648_2111457059.jpg	19	2	1442615580
1077022463645315774_1813183195.jpg	39	1	1442611080
1076908556052465943_1758706409.jpg	12	0	1442597520
1076908364062394642_1758706409.jpg	8	0	1442597460
1076908228435380494_1758706409.jpg	7	0	1442597460
1076907973958568197_1758706409.jpg	9	0	1442597400
1076905767729498328_1758706409.jpg	11	0	1442597160
1076904285261138083_1758706409.jpg	6	0	1442596980
1076903272496105597_1758706409.jpg	7	0	1442596860
1076901570934081621_1758706409.jpg	5	0	1442596680
1076900167343802419_1758706409.jpg	4	0	1442596500
1076899595282679842_1758706409.jpg	6	0	1442596440
1076899051113678867_1758706409.jpg	2	0	1442596380
1076898641472784390_1758706409.jpg	6	0	1442596320
1076897856080972784_1758706409.jpg	7	0	1442596200
1076897731401092074_1758706409.jpg	4	0	1442596200
1076897593551096804_1758706409.jpg	7	0	1442596200
1076844074998612330_239529527.jpg	13	0	1442589780
1076829814539904433_240958288.jpg	22	0	1442588100
1076789320554684997_2086331575.jpg	16	3	1442583300
1076760635919236320_963486470.jpg	10	0	1442579880
1076683492889485823_2087708351.jpg	9	0	1442570640
1076631683696760386_2302884.jpg	39	2	1442564460
1076617884116319339_464901406.jpg	32	0	1442562840
1076517202919848074_2027122205.jpg	55	2	1442550840
1076470955701271043_2033041629.jpg	13	0	1442545320
1076439197304402145_2004577219.jpg	18	0	1442541540
1076362094586883236_598435762.jpg	19	1	1442532360
1076337008650788418_1494798878.jpg	5	1	1442529360
1076258093043677269_1156755125.jpg	37	0	1442519940
1076234577318702102_2077776210.jpg	24	1	1442517180
1076221957707797830_212552436.jpg	26	6	1442515620
1076214018108570346_2036982573.jpg	58	2	1442514720
1076209583941735160_356248571.jpg	97	5	1442514180
1076156393918136919_1483304191.jpg	30	5	1442507820
1076112445646846593_2036982573.jpg	44	0	1442502600
1076088295506130733_202241612.jpg	15	0	1442499720
1076073781670364557_1566031200.jpg	22	0	1442497980
1075912655898163565_2036982573.jpg	34	0	1442478780
1075890934042238265_1991512470.jpg	33	0	1442476200
1075870338306711475_1991512470.jpg	38	0	1442473740
1075852291449262151_2013802019.jpg	36	0	1442471580
1075847789695156881_1477917767.jpg	78	7	1442471040
1075803092055950322_878954287.jpg	43	0	1442465700
1075796327277204170_1524725451.jpg	591	36	1442464920
1075574442157288208_1826849489.jpg	26	0	1442438460
1075566328358098250_1909437548.jpg	60	3	1442437500
1075534651145952708_1995552918.jpg	8	0	1442433720
1075531931625005585_1530436607.jpg	66	4	1442433360
1075529390842354694_1991512470.jpg	38	1	1442433060
1075522918628458117_1051482302.jpg	203	2	1442432340
1075519057157979462_865746054.jpg	89	2	1442431860
1075518852644605429_201216922.jpg	9	5	1442431860
1075513913801313667_201216922.jpg	13	3	1442431260
1075510493186879959_1698321787.jpg	48	8	1442430840
1075508335805063498_230067167.jpg	37	2	1442430600
1075487569025793751_1958552142.jpg	9	0	1442428080
1075476517472687645_1699158828.jpg	3	0	1442426760
1075450602334992897_2036982573.jpg	43	2	1442423700
1075432168740459524_37664964.jpg	24	3	1442421480
1075406547211923399_1147148210.jpg	28	0	1442418420
1075323121229642690_2036982573.jpg	30	2	1442408520
1075310417028987143_412794749.jpg	27	0	1442406960
1075303556971570402_1941055072.jpg	12	0	1442406180
1075255187134428818_592290716.jpg	32	0	1442400420
1075252310285899029_1134475148.jpg	505	9	1442400060
1075245122609310806_34571626.jpg	17	1	1442399220
1075238673673666378_315746326.jpg	27	0	1442398440
1075003719676660031_20005833.jpg	103	4	1442370420
1074969203550879415_1532847206.jpg	23	0	1442366280
1074944832263551090_328608453.jpg	23	2	1442363400
1074924540144400976_2036982573.jpg	54	0	1442361000
1074903881830580775_50618279.jpg	8	0	1442358540
1074877529730857560_2036982573.jpg	38	1	1442355360
1074832607382180032_1173900355.jpg	95	10	1442350020
1074831928561785456_2049357837.jpg	28	0	1442349960
1074811232061469435_2382027.jpg	22	0	1442347500
1074806143457704512_2130108341.jpg	10	5	1442346840
1074798378558700139_2036982573.jpg	31	0	1442345940
1074787499815266126_2197845312.jpg	13	0	1442344620
1074770773011058295_204039850.jpg	35	2	1442342640
1074767377752865151_1570967253.jpg	84	0	1442342220
1074720367883206969_23430911.jpg	32	3	1442336640
1074687750730820621_2190744490.jpg	18	0	1442332740
1074678281651043314_1570967253.jpg	95	0	1442331600
1074675621094964157_1570967253.jpg	93	0	1442331300
1074663331523642181_1578026711.jpg	14	0	1442329860
1074652047070082432_1495079236.jpg	30	0	1442328480
1074641347869795842_683118704.jpg	83	9	1442327220
1074631189861209161_2188543812.jpg	21	0	1442326020
1074604849957976604_2036982573.jpg	42	0	1442322900
1074585430188136483_248837853.jpg	45	13	1442320560
1074584319988227726_1294461686.jpg	27	0	1442320440
1074584158565911318_2121106361.jpg	37	2	1442320380
1074580672848870332_2036982573.jpg	49	0	1442320020
1074576472160693789_1818087138.jpg	50	1	1442319480
1074565634196938184_1991512470.jpg	42	2	1442318220
1074558988566911419_55973829.jpg	18	1	1442317380
1074550066305560810_833010251.jpg	40	2	1442316360
1074530045443824472_2033087677.jpg	12	0	1442313960
1074527052387535931_1704526746.jpg	94	0	1442313600
1074515987229181536_1531344480.jpg	20	0	1442312280
1074494121945112927_487899647.jpg	8	0	1442309700
1074482983962683861_22044873.jpg	33	15	1442308320
1074450919636391641_186495308.jpg	288	12	1442304540
1074430987213317671_503135360.jpg	96	3	1442302140
1074417657153225149_1369675415.jpg	41	0	1442300580
1074401841569557829_1707614570.jpg	25	3	1442298660
1074333620801845758_1123112509.jpg	36	1	1442290560
1074275318491873805_314262911.jpg	41	0	1442283600
1074263377793037609_1153686068.jpg	39	1	1442282160
1074239086954218361_452239031.jpg	17	2	1442279280
1074151359386732027_370564080.jpg	28	5	1442268840
1074089988143065235_777036161.jpg	55	0	1442261520
1074087751984999421_1408152681.jpg	43	1	1442261220
1074073575749093410_323252593.jpg	16	0	1442259540
1074066226581879590_2036982573.jpg	35	0	1442258640
1074042441287547201_1570967253.jpg	106	0	1442255820
1074021056865426829_970449150.jpg	21	0	1442253300
1073982902255841908_259379955.jpg	30	1	1442248740
1073975257706266531_1005557302.jpg	49	0	1442247840
1073956281910649446_201836367.jpg	9	0	1442245560
1073956021629850916_1555842276.jpg	8	0	1442245500
1073940328976955964_1570967253.jpg	118	1	1442243640
1073927858715942912_2072967615.jpg	32	2	1442242140
1073924539964366509_1991512470.jpg	37	0	1442241780
1073895014076856605_791946869.jpg	98	2	1442238240
1073878387813344439_647216368.jpg	34	1	1442236260
1073862796807114173_2130498202.jpg	339	20	1442234400
1073777000537874403_1438690726.jpg	44	0	1442224200
1073773048031456368_4564970.jpg	18	0	1442223720
1073767703772674412_2036982573.jpg	25	0	1442223060
1073767202805004643_2036982573.jpg	33	0	1442223000
1073757488932939879_1014184313.jpg	15	0	1442221860
1073735730372842797_1177750292.jpg	22	4	1442219280
1073725712084814245_1481955305.jpg	150	0	1442218080
1073706701733098975_2078194220.jpg	48	1	1442215800
1073659026678000120_1939090553.jpg	46	1	1442210100
1073615723402124417_1398027582.jpg	55	1	1442204940
1073570356172381889_1438690726.jpg	55	2	1442199540
1073545958075353120_700462257.jpg	75	1	1442196660
1073484635278195721_1095916582.jpg	10	0	1442189340
1073451659325409367_2128362369.jpg	5	0	1442185380
1073425644525128520_796218521.jpg	16	0	1442182320
1073394376116033336_2160779884.jpg	16	0	1442178600
1073324594909839128_409599766.jpg	77	8	1442170260
1073308150199659110_348412985.jpg	31	0	1442168280
1073279638268557370_2036982573.jpg	28	0	1442164920
1073255394470956894_517763490.jpg	134	10	1442161980
1073238943948539036_1831097752.jpg	13	0	1442160060
1073207029470369353_200095548.jpg	66	1	1442156220
1073196002823568290_277777749.jpg	57	2	1442154900
1073194420891584952_1631027849.jpg	39	1	1442154720
1073185490170073102_200098123.jpg	28	4	1442153700
1073156867635034742_2036982573.jpg	28	1	1442150280
1073149493614737500_270314861.jpg	53	2	1442149380
1073148306882665718_1607910870.jpg	55	6	1442149260
1073125841020133220_1996854870.jpg	35	14	1442146560
1073116923325279096_1014184313.jpg	18	1	1442145480
1073107677156489409_2036982573.jpg	38	1	1442144400
1073096359009869858_2008430791.jpg	14	0	1442143020
1073076409767077229_380430296.jpg	19	0	1442140680
1073074184506926586_271717904.jpg	31	1	1442140380
1073072697021087309_940891838.jpg	235	10	1442140200
1073064886222316692_314018704.jpg	27	1	1442139300
1073056501252251542_514926046.jpg	10	0	1442138280
1073050066975461973_173664611.jpg	26	0	1442137500
1073047708306520894_2036982573.jpg	52	0	1442137260
1073047420596264025_1622639742.jpg	43	0	1442137200
1073044984626166520_2036982573.jpg	37	0	1442136900
1073006022947781498_2036982573.jpg	42	0	1442132280
1073005793687124847_2036982573.jpg	30	0	1442132280
1073005593887259497_2036982573.jpg	38	0	1442132220
1072956085935676580_1622639742.jpg	40	0	1442126340
1072890865934317488_267019524.jpg	19	0	1442118540
1072843304989808899_1611011205.jpg	32	0	1442112900
1072802148223896169_1439067641.jpg	14	2	1442107980
1072782548886829101_1570967253.jpg	73	3	1442105640
1072771889138711300_1570967253.jpg	94	1	1442104380
1072737110154492715_1570967253.jpg	93	0	1442100240
1072714798670732981_1565866206.jpg	21	0	1442097540
1072708250827040066_431687888.jpg	22	0	1442096760
1072702589010106895_1605391461.jpg	52	0	1442096100
1072684194144139475_1570967253.jpg	63	1	1442093940
1072681560330942558_1570967253.jpg	72	0	1442093580
1072648885763586685_2036982573.jpg	44	0	1442089680
1072588720664016963_1946999413.jpg	152	8	1442082540
1072581692797624161_1622639742.jpg	86	0	1442081700
1072566022742627581_365883732.jpg	41	2	1442079840
1072565446276293081_1809872567.jpg	14	0	1442079780
1072554210457152826_1359292426.jpg	39	6	1442078400
1072553310677269602_376091438.jpg	83	1	1442078280
1072552017701695848_1295433899.jpg	18	0	1442078160
1072541567995653791_194813626.jpg	19	1	1442076900
1072528021056529104_1259238719.jpg	25	0	1442075280
1072526496545478019_198519708.jpg	13	0	1442075100
1072525640429282574_2042244680.jpg	8	0	1442075040
1072525222794044672_2042244680.jpg	21	2	1442074980
1072521491129298238_2067843834.jpg	22	0	1442074500
1072521379451759930_2067843834.jpg	17	0	1442074500
1072521053722111280_2067843834.jpg	25	0	1442074440
1072511947930682860_10174432.jpg	39	0	1442073360
1072509077823041625_870945395.jpg	44	10	1442073060
1072492050778796889_331261643.jpg	34	0	1442071020
1072458609669575585_208987691.jpg	33	0	1442067000
1072426868543858817_400322313.jpg	23	0	1442063220
1072424082941178946_23144636.jpg	95	1	1442062920
1072411123479781480_369518111.jpg	222	9	1442061360
1072403855565758645_951509199.jpg	107	15	1442060520
1072397447246966377_1912653130.jpg	40	1	1442059740
1072391801822263573_2036982573.jpg	51	0	1442059080
1072366021627303005_916304820.jpg	33	4	1442055960
1072355447070597130_1530436607.jpg	64	0	1442054700
1072346999029180428_2073531481.jpg	72	3	1442053740
1072338093272892477_1635592464.jpg	93	3	1442052660
1072335201426731763_1060708067.jpg	20	1	1442052300
1072321244040805177_2036982573.jpg	38	2	1442050620
1072320497597299498_2036982573.jpg	36	0	1442050560
1072282311704777413_1076431603.jpg	128	1	1442046000
1072259120090004337_1570967253.jpg	84	1	1442043240
1072252284741827336_1570967253.jpg	102	1	1442042400
1072245869916332759_1633683975.jpg	41	0	1442041680
1072244112217296111_1633373538.jpg	62	1	1442041440
1072150587358263879_1178278533.jpg	98	4	1442030280
1072119033014727386_20039555.jpg	21	0	1442026560
1072071779471752559_1532847206.jpg	33	0	1442020920
1072040154544913661_1944406710.jpg	12	0	1442017140
1071985819042109752_266319277.jpg	63	2	1442010660
1071983649367321176_189251081.jpg	10	1	1442010420
1071980428371835135_2106614493.jpg	109	3	1442010000
1071969606052529028_637429527.jpg	6	0	1442008740
1071953714681710687_2187054321.jpg	59	4	1442006820
1071944277372313336_1622639742.jpg	29	0	1442005680
1071941926506864290_1622639742.jpg	38	1	1442005440
1071933499795120566_2035352119.jpg	31	5	1442004420
1071915944066644946_143532781.jpg	71	5	1442002320
1071906930383530731_1925254745.jpg	58	0	1442001240
1071902559059287830_1599200998.jpg	16	0	1442000760
1071896575841795047_1156755125.jpg	34	1	1442000040
1071891157165105221_235163415.jpg	16	0	1441999380
1071876713894650751_211243335.jpg	51	1	1441997640
1071871682911915598_2055249338.jpg	33	5	1441997040
1071871671549842186_340380531.jpg	46	1	1441997040
1071868752628176716_1495293988.jpg	81	3	1441996680
1071868706940990937_8941228.jpg	27	0	1441996680
1071868690551670748_2015603200.jpg	939	28	1441996680
1071843018616345573_2037086795.jpg	80	2	1441993620
1071841584794185556_317247442.jpg	15	1	1441993440
1071839197890614132_2037086795.jpg	58	2	1441993200
1071820645157831948_878696024.jpg	36	1	1441990980
1071809212954427899_1529762287.jpg	29	0	1441989600
1071805515105742225_1542077986.jpg	127	2	1441989180
1071796711437056644_1570967253.jpg	100	0	1441988100
1071793618129467936_1570967253.jpg	95	0	1441987740
1071792353169324530_1570967253.jpg	94	4	1441987620
1071790461739547058_1570967253.jpg	88	1	1441987380
1071771847560864491_2035352119.jpg	34	0	1441985160
1071770360623991512_41904673.jpg	46	2	1441984980
1071766746785000839_1147148210.jpg	42	1	1441984560
1071759726176016103_1289949772.jpg	7	0	1441983720
1071757824978267999_1398881226.jpg	53	2	1441983480
1071736448938035238_2086529753.jpg	29	0	1441980960
1071728105896070651_1368333890.jpg	35	4	1441979940
1071727647742180003_1570967253.jpg	69	0	1441979880
1071721931100085590_2076438542.jpg	23	0	1441979220
1071721609403723080_2144036946.jpg	33	6	1441979160
1071721310281787733_2014981017.jpg	114	3	1441979100
1071719146399676823_1570967253.jpg	90	0	1441978860
1071710160624147241_1383802933.jpg	44	4	1441977780
1071707333855492175_1570967253.jpg	59	4	1441977480
1071700080914021235_1570967253.jpg	48	0	1441976580
1071699297894554387_354700661.jpg	65	3	1441976520
1071698565495208782_1570967253.jpg	46	0	1441976400
1071690350884778151_37513291.jpg	11	4	1441975440
1071690148137508326_1288155358.jpg	36	0	1441975440
1071687411156894347_1832609335.jpg	89	3	1441975080
1071678429965070434_1583165267.jpg	114	2	1441974000
1071672663218534481_1570967253.jpg	62	3	1441973340
1071668718876082539_1998955111.jpg	77	19	1441972860
1071664631478584607_1799977144.jpg	33	2	1441972380
1071664573303959302_298332506.jpg	77	5	1441972380
1071659133560558656_1978017948.jpg	125	1	1441971720
1071655118352955990_2036982573.jpg	72	5	1441971240
1071630467272738937_173924545.jpg	207	3	1441968300
1071613770115864673_1591787837.jpg	66	4	1441966320
1071603402047437329_1570967253.jpg	83	0	1441965060
1071592887715196324_1517916626.jpg	206	14	1441963800
1071580053766355048_1570967253.jpg	64	0	1441962300
1071574618940375390_2101329351.jpg	2	0	1441961640
1071573771126782955_1570967253.jpg	62	0	1441961520
1071569357712341911_1570967253.jpg	62	2	1441961040
1071567425027390329_1570967253.jpg	56	2	1441960800
1071548506122212616_1616560244.jpg	4	0	1441958520
1071547937359379274_1286951773.jpg	16	2	1441958460
1071542481131694449_13196561.jpg	32	8	1441957800
1071532955792602515_1104187332.jpg	39	2	1441956660
1071522641221268932_2019799620.jpg	16	0	1441955460
1071517015506386077_1647625734.jpg	26	0	1441954800
1071512504921639052_14043985.jpg	48	3	1441954260
1071503597373535146_248605043.jpg	199	3	1441953180
1071502269752753017_1570967253.jpg	60	0	1441953000
1071499061001141070_1570967253.jpg	61	1	1441952640
1071496389917358895_1570967253.jpg	51	0	1441952340
1071495248695280733_1795830016.jpg	187	0	1441952160
1071484542453437630_1136434244.jpg	32	1	1441950900
1071477684019205216_296678652.jpg	25	1	1441950060
1071445736396958246_1584310777.jpg	7	1	1441946280
1071438989381417076_181716357.jpg	44	0	1441945500
1071426804853717756_1570967253.jpg	59	0	1441944000
1071425200054287067_1570967253.jpg	77	17	1441943820
1071417895053113944_1570967253.jpg	69	0	1441942980
1071415783086832171_1570967253.jpg	55	1	1441942680
1071403610822359360_1570967253.jpg	78	0	1441941240
1071402390682548517_1570967253.jpg	72	2	1441941120
1071400589195426051_1570967253.jpg	59	1	1441940880
1071395459972675714_1570967253.jpg	105	2	1441940280
1071350067470936032_1124073208.jpg	25	0	1441934880
1071346713116396218_1241336393.jpg	8	2	1441934460
1071329455360195234_2036982573.jpg	105	2	1441932420
1071328911962946192_2036982573.jpg	39	1	1441932360
1071312095069540922_1488938267.jpg	20	0	1441930320
1071296611298642802_746845577.jpg	838	11	1441928520
1071295893845819488_49010239.jpg	55	3	1441928400
1071288100526981907_1825640223.jpg	11	0	1441927500
1071285888166593168_1325125959.jpg	28	1	1441927200
1071285196965243141_336089057.jpg	15	0	1441927140
1071211941178589242_481691743.jpg	41	0	1441918380
1071205551398499486_271305556.jpg	50	0	1441917660
1071198539654752526_2049270633.jpg	26	0	1441916820
1071191033328974298_2036982573.jpg	32	0	1441915920
1071188050598272838_1607910870.jpg	20	1	1441915560
1071180957225013236_1661995978.jpg	34	0	1441914720
1071167102299378995_1555842276.jpg	10	1	1441913040
1071142625341720675_191674465.jpg	20	0	1441910160
1071134721108628488_197079372.jpg	29	1	1441909200
1071108700012830182_2125266558.jpg	4	0	1441906080
1071107978247142282_1156755125.jpg	39	4	1441906020
1071093383849013308_1158606499.jpg	9	0	1441904280
1071092953320484906_1158606499.jpg	8	0	1441904220
1071092926889081802_2036982573.jpg	111	1	1441904220
1071092351781793814_1158606499.jpg	9	1	1441904160
1071088506880719462_2133687109.jpg	50	16	1441903680
1071087712553367436_645020476.jpg	9	2	1441903620
1071081181736657124_1609970311.jpg	14	0	1441902840
1071061407969816908_1488172795.jpg	21	0	1441900440
1071045768845812165_1604313927.jpg	30	0	1441898580
1071032393526833972_191246691.jpg	47	1	1441897020
1071026918058241724_5438978.jpg	26	0	1441896360
1071022308573287618_1628515484.jpg	25	1	1441895820
1071017536850068235_1518777655.jpg	49	0	1441895220
1071016605800723318_30009859.jpg	41	0	1441895100
1071016215240311854_377161344.jpg	21	0	1441895100
1071009995038927300_285298081.jpg	12	0	1441894320
1070989739469363155_2165287612.jpg	60	1	1441891920
1070989080831603370_246784747.jpg	49	0	1441891860
1070962951256696800_1994529248.jpg	30	1	1441888740
1070946209949532508_1592156519.jpg	17	1	1441886700
1070922483125099995_1991512470.jpg	36	0	1441883880
1070907063452203209_402690413.jpg	43	2	1441882080
1070898132261095669_1650585849.jpg	102	0	1441881000
1070877095310264712_464191153.jpg	48	0	1441878480
1070846748399140534_1946368486.jpg	174	4	1441874880
1070836632871278418_2093839388.jpg	30	2	1441873680
1070809653309167771_587635853.jpg	27	2	1441870440
1070802792479231884_261428618.jpg	36	0	1441869660
1070769497051536147_647681317.jpg	19	0	1441865640
1070749553810467196_33384601.jpg	38	2	1441863300
1070727341242829525_1977716265.jpg	41	1	1441860660
1070720212915526252_1535202629.jpg	28	1	1441859760
1070695215360692882_13054659.jpg	132	11	1441856820
1070685551129476854_1992838534.jpg	30	3	1441855680
1070659217318361911_360079237.jpg	84	2	1441852500
1070652489428170358_1011279156.jpg	62	0	1441851720
1070622568494610815_1570967253.jpg	78	0	1441848120
1070611973497688805_2037086795.jpg	44	3	1441846860
1070605620310719069_2036982573.jpg	44	1	1441846140
1070596551338504783_246784747.jpg	50	4	1441845060
1070596399922270091_1634747930.jpg	164	8	1441845000
1070587220688138920_1333053099.jpg	76	0	1441843920
1070582347092044804_1166098690.jpg	19	1	1441843380
1070570126959616875_291006191.jpg	16	1	1441841880
1070550603045852010_26842099.jpg	33	1	1441839540
1070535728080020252_1506356207.jpg	150	0	1441837800
1070532576021125077_2023708652.jpg	13	0	1441837440
1070519805612887884_192591250.jpg	49	4	1441835880
1070494324303331594_1485837815.jpg	71	5	1441832880
1070493872022046006_210406744.jpg	32	2	1441832820
1070485960676127909_1429232348.jpg	25	4	1441831860
1070478747588702221_266957123.jpg	84	3	1441831020
1070471062695564471_1670314980.jpg	97	8	1441830060
1070462862552275335_1611092885.jpg	20	6	1441829100
1070458274604629172_1647588054.jpg	431	20	1441828560
1070457663085203825_2012809723.jpg	530	12	1441828500
1070451753350041996_2013802019.jpg	33	4	1441827780
1070450688425001781_21942367.jpg	56	2	1441827660
1070450040314328791_2136208900.jpg	14	0	1441827600
1070449519462685665_2019290997.jpg	47	1	1441827540
1070445672432510538_1525768176.jpg	31	5	1441827060
1070439638178847815_2037422422.jpg	23	7	1441826340
1070436854148447780_205955078.jpg	313	11	1441825980
1070436099258725291_496771163.jpg	180	36	1441825920
1070434876567596379_290450010.jpg	8	2	1441825800
1070433059427970441_1972960634.jpg	64	3	1441825560
1070427182154026076_1569948490.jpg	847	118	1441824840
1070417691735679083_2179033255.jpg	40	2	1441823700
1070417058984309291_911944555.jpg	20	1	1441823640
1070412856449520762_1581728028.jpg	50	14	1441823160
1070411995381837756_2132325842.jpg	74	2	1441823040
1070403540933592128_284982736.jpg	34	1	1441822020
1070391688779771737_352504074.jpg	43	0	1441820640
1070387531643344932_2172826781.jpg	29	0	1441820100
1070369432818070953_2084225940.jpg	115	2	1441818000
1070365210168106855_1093470102.jpg	36	1	1441817460
1070351017562455923_919209718.jpg	16	2	1441815780
1070349567875231223_1147148210.jpg	35	2	1441815600
1070343321248842954_350194080.jpg	69	1	1441814880
1070331572482321333_1517033177.jpg	35	4	1441813440
1070331347321451110_2075925987.jpg	67	6	1441813440
1070326676250217264_230565305.jpg	23	0	1441812900
1070324934097090196_183066644.jpg	40	5	1441812660
1070314002003888694_1517786121.jpg	32	3	1441811340
1070313886308857700_188276756.jpg	53	5	1441811340
1070312170334534540_811076101.jpg	80	7	1441811160
1070305001709543231_1464448622.jpg	8	0	1441810320
1070304524564872800_30457990.jpg	25	1	1441810260
1070301756472831347_476350650.jpg	46	6	1441809900
1070295622818614328_39504242.jpg	38	4	1441809180
1070263123699308971_699819869.jpg	108	4	1441805280
1070252319756343177_1937151876.jpg	27	3	1441804020
1070250043566334687_627201927.jpg	97	1	1441803720
1070238640958834984_104849065.jpg	231	1	1441802400
1070228547448183842_1564497150.jpg	12	0	1441801200
1070222755165240043_1112342685.jpg	32	3	1441800480
1070210064584607384_626606856.jpg	9	1	1441798980
1070184344122027108_1719881274.jpg	10	1	1441795920
1070164767828768356_1379201180.jpg	318	3	1441793580
1070159461330991731_2036982573.jpg	118	1	1441792920
1070159190087348194_2178504522.jpg	157	5	1441792920
1070155256220567040_1748410720.jpg	231	3	1441792440
1070150880949440261_202026026.jpg	30	1	1441791900
1070149052303014697_2115923965.jpg	64	2	1441791720
1070147596099442029_1513304020.jpg	952	18	1441791540
1070147416029751767_520619185.jpg	54	4	1441791480
1070147198964555960_35432647.jpg	47	4	1441791480
1070132934891609205_1592637630.jpg	134	3	1441789800
1070115284239167185_287954778.jpg	50	4	1441787700
1070110520226475834_54615122.jpg	51	3	1441787100
1070094679825367035_510790430.jpg	3	0	1441785240
1070077189414302554_2082739715.jpg	53	2	1441783140
1070046116471607048_25586250.jpg	33	1	1441779420
1070029344785010503_270032530.jpg	42	4	1441777440
1070021281318255290_181716357.jpg	53	0	1441776480
1070017833692403595_187436124.jpg	549	8	1441776060
1070014600773430615_232916338.jpg	52	6	1441775700
1069955302803609861_1573182533.jpg	36	1	1441768620
1069951890107825918_1532847206.jpg	31	3	1441768200
1069942496274974688_1567816056.jpg	34	0	1441767060
1069918973914724786_1570967253.jpg	83	5	1441764300
1069899352056230326_1149128803.jpg	105	0	1441761960
1069890936387087189_713184297.jpg	12	0	1441760940
1069853743388594996_175749899.jpg	47	3	1441756500
1069845634167576689_346415997.jpg	90	0	1441755540
1069824584473537338_2079740409.jpg	45	0	1441753020
1069822026771003368_259736212.jpg	86	4	1441752720
1069818303437060545_229641261.jpg	43	0	1441752300
1069814346263058737_1929532069.jpg	24	0	1441751820
1069799651232013800_1190960342.jpg	52	0	1441750020
1069795142522651664_1795830016.jpg	186	0	1441749540
1069789107726686130_1862148.jpg	188	0	1441748820
1069788144110942380_2036982573.jpg	56	1	1441748700
1069787470817853181_715174286.jpg	50	9	1441748580
1069780627407898590_195793968.jpg	37	0	1441747800
1069776491137211251_699819869.jpg	42	10	1441747260
1069762133813978446_1461767392.jpg	53	8	1441745580
1069762001884525347_17850619.jpg	171	6	1441745580
1069761489994594896_177435333.jpg	42	1	1441745520
1069761099668227233_266149192.jpg	30	1	1441745460
1069758996112647266_1542376192.jpg	94	0	1441745220
1069753217806207731_1381827785.jpg	107	37	1441744500
1069747524683372794_994856733.jpg	42	7	1441743840
1069743721877325689_1945103312.jpg	61	1	1441743360
1069742642388183581_1551407217.jpg	90	1	1441743240
1069741805424984350_936238951.jpg	64	6	1441743180
1069737607765857078_2164774259.jpg	1	0	1441742640
1069728384164727364_395179769.jpg	30	0	1441741560
1069709276605446694_1156755125.jpg	45	3	1441739280
1069704416229677195_196695597.jpg	20	0	1441738680
1069703894877925684_1956055827.jpg	340	31	1441738620
1069702630446413372_1328185972.jpg	345	42	1441738500
1069690748557225728_181574506.jpg	134	0	1441737060
1069681116652913104_2026610655.jpg	26	0	1441735920
1069676510806015840_1507692814.jpg	28	0	1441735380
1069671365705768468_1073454902.jpg	940	25	1441734780
1069670682390814411_2056765886.jpg	19	2	1441734660
1069670575196357790_1794474368.jpg	12	3	1441734660
1069662068105820966_2036982573.jpg	66	1	1441733640
1069655672649112673_1556313798.jpg	38	1	1441732860
1069653061737317105_878954287.jpg	59	0	1441732560
1069652253567516867_255761439.jpg	80	4	1441732500
1069633972475715864_2104106719.jpg	111	1	1441730280
1069633494805889334_1832609335.jpg	124	1	1441730220
1069631559014473948_2104106719.jpg	36	2	1441729980
1069622090112199697_2177450794.jpg	24	0	1441728900
1069615868675534190_402825426.jpg	24	0	1441728120
1069613961670520059_889092778.jpg	93	5	1441727940
1069599754765147958_1427606990.jpg	33	0	1441726200
1069590615051862567_1744694223.jpg	123	2	1441725120
1069588296246921553_349788489.jpg	61	0	1441724880
1069582948381513380_205421556.jpg	214	2	1441724220
1069581445246922447_1479634778.jpg	13	0	1441724040
1069579075227488259_272827051.jpg	59	1	1441723740
1069576345677620547_1431549504.jpg	37	0	1441723440
1069574212744756310_1563941134.jpg	11	3	1441723200
1069570193295127715_174963308.jpg	12	0	1441722720
1069569246540881897_208364118.jpg	23	0	1441722600
1069565610244010195_1515626115.jpg	50	0	1441722120
1069560196389733216_1932828391.jpg	53	2	1441721520
1069533669352270949_552366018.jpg	26	1	1441718340
1069531589156323144_1434458630.jpg	12	0	1441718100
1069518897224891337_2036982573.jpg	62	0	1441716600
1069515411156517823_2068984751.jpg	37	0	1441716180
1069510927643743659_1340521700.jpg	211	3	1441715640
1069500154434232820_1401824551.jpg	16	0	1441714320
1069498631228438760_1570967253.jpg	78	1	1441714140
1069498294620228154_1725313681.jpg	7	0	1441714140
1069488507394931653_1570967253.jpg	91	0	1441712940
1069486090132079160_4605719.jpg	16	0	1441712640
1069485538777966184_924604552.jpg	30	2	1441712580
1069482492496362901_1963339014.jpg	208	16	1441712220
1069482245993793277_1923575768.jpg	23	2	1441712220
1069481170284312254_1835989348.jpg	91	0	1441712100
1069475511067163260_1570967253.jpg	101	3	1441711380
1069474750524761464_924604552.jpg	14	0	1441711320
1069473709817233511_2034709511.jpg	22	0	1441711200
1069472451272836428_1565883008.jpg	22	0	1441711020
1069471401722984973_1570967253.jpg	102	4	1441710900
1069469612441287147_1570967253.jpg	99	0	1441710720
1069466761634020799_446639638.jpg	27	3	1441710360
1069462108034841139_2036982573.jpg	45	1	1441709820
1069431729285349473_1915446391.jpg	180	1	1441706160
1069429476901888367_2176921127.jpg	12	0	1441705920
1069419312872017300_595827930.jpg	17	0	1441704720
1069413969781340843_2036982573.jpg	60	1	1441704060
1069403311417626139_434422850.jpg	6	0	1441702800
1069397790956556081_2129400866.jpg	9	0	1441702140
1069397544365035311_2129400866.jpg	16	0	1441702140
1069389918851305686_1748160259.jpg	54	13	1441701180
1069385313389241630_523281400.jpg	17	0	1441700640
1069382737271518400_329025060.jpg	31	0	1441700340
1069375092691455729_2028125402.jpg	30	2	1441699440
1069374983726682967_1774028571.jpg	20	7	1441699440
1069365335850983294_565960230.jpg	33	4	1441698300
1069357642617876381_2022326434.jpg	64	1	1441697340
1069350763819345523_1093309008.jpg	97	4	1441696560
1069326656201795512_1435729328.jpg	14	1	1441693680
1069324609311938730_2125301989.jpg	16	0	1441693440
1069316759947366824_300945563.jpg	42	2	1441692480
1069313014602497903_787126374.jpg	14	0	1441692060
1069309158094175318_2166264510.jpg	66	8	1441691580
1069291310840146898_2049270633.jpg	43	1	1441689420
1069288580124388453_1147148210.jpg	41	0	1441689120
1069285037924905124_2099662523.jpg	12	0	1441688700
1069279922979613730_34447570.jpg	38	8	1441688100
1069275943792210345_29351723.jpg	12	0	1441687620
1069272265732103546_1744442278.jpg	34	0	1441687200
1069260804360542402_47012597.jpg	26	0	1441685820
1069257515495229374_245090160.jpg	14	2	1441685400
1069248289035759289_1478602794.jpg	60	0	1441684320
1069246477154597504_1570967253.jpg	87	26	1441684080
1069231164432157240_1650769193.jpg	83	0	1441682280
1069225676341004339_256375529.jpg	63	2	1441681620
1069223652320848817_214920489.jpg	39	0	1441681380
1069221310490172318_544915725.jpg	45	3	1441681080
1069220373601663017_1570967253.jpg	78	0	1441681020
1069215129463588519_1059572464.jpg	53	0	1441680360
1069207565572214988_29846507.jpg	11	0	1441679460
1069204945258136855_1945103312.jpg	72	2	1441679160
1069198109483749286_246544882.jpg	28	1	1441678320
1069190058773349592_574211056.jpg	13	5	1441677360
1069188420504344568_725007004.jpg	37	0	1441677180
1069165409997420423_1962310508.jpg	16	9	1441674420
1069160202897189033_220812809.jpg	93	1	1441673820
1069156710272280819_259235073.jpg	50	1	1441673400
1069150641066621294_2036982573.jpg	44	0	1441672680
1069150592303060000_725007004.jpg	33	5	1441672680
1069150470392002923_2036982573.jpg	43	0	1441672680
1069149138479818828_259235073.jpg	74	2	1441672500
1069148626908919590_516195044.jpg	195	1	1441672440
1069146731203541284_2036982573.jpg	51	0	1441672200
1069143539741389578_358518099.jpg	47	3	1441671840
1069140579235553390_1054449759.jpg	7	0	1441671480
1069139655724620977_297559086.jpg	129	18	1441671360
1069134361363438965_1556313798.jpg	19	2	1441670760
1069134123662612547_47012597.jpg	34	3	1441670700
1069133945116895925_259235073.jpg	58	0	1441670700
1069122683264430074_2165319730.jpg	51	1	1441669320
1069119744716711992_435208209.jpg	33	2	1441669020
1069108340126404819_330767323.jpg	6	0	1441667640
1069107663549523972_2167190281.jpg	37	4	1441667580
1069099901430597145_15267880.jpg	89	1	1441666620
1069097992382604687_226330792.jpg	27	2	1441666380
1069097510331440911_370535982.jpg	46	1	1441666320
1069091256967699148_265285581.jpg	30	4	1441665600
1069078699384942634_406114523.jpg	41	0	1441664100
1069076909516394146_18259866.jpg	24	0	1441663920
1069067779619579200_32175664.jpg	21	1	1441662780
1069056010791826301_277633979.jpg	12	4	1441661400
1069054848263605111_2140497641.jpg	36	13	1441661280
1069054167847962953_604738745.jpg	15	0	1441661160
1069047621718407019_1673575028.jpg	28	0	1441660380
1069047187542412500_2159741570.jpg	31	1	1441660320
1069045125554147889_428890291.jpg	23	1	1441660080
1069038966454112665_252700787.jpg	44	0	1441659360
1069033847447894624_55915013.jpg	195	1	1441658760
1069029878731811864_2125161450.jpg	33	1	1441658280
1069028353984815429_1740466399.jpg	26	1	1441658100
1069011451736839209_1922441620.jpg	28	0	1441656060
1069009730691117734_1955829587.jpg	30	5	1441655880
1069003685162115412_1543157807.jpg	7	6	1441655160
1068997452686907820_502773285.jpg	25	0	1441654440
1068991785846047972_1466947688.jpg	21	0	1441653720
1068988132019138964_1698321787.jpg	56	2	1441653300
1068985287393668653_1521858578.jpg	47	6	1441652940
1068982892569657028_787126374.jpg	13	4	1441652700
1068979625375071245_1678566822.jpg	80	8	1441652280
1068975938448289294_12577458.jpg	111	5	1441651860
1068975778477722869_651987642.jpg	95	8	1441651860
1068973135143523693_1816337708.jpg	27	2	1441651500
1068971099809389412_699819869.jpg	36	1	1441651260
1068967797841561856_598117913.jpg	23	1	1441650900
1068966881980464788_1582391678.jpg	238	10	1441650780
1068964578033410732_1809872567.jpg	32	2	1441650480
1068962916015436234_46532715.jpg	878	6	1441650300
1068962227787193534_239291078.jpg	39	3	1441650240
1068959765924496766_1202771872.jpg	19	14	1441649940
1068959041544176829_1234927992.jpg	60	3	1441649820
1068957716654375364_1743286583.jpg	3017	1	1441649700
1068955501978597875_680262189.jpg	25	0	1441649400
1068953635700678430_539829934.jpg	116	1	1441649220
1068949540976056817_50388189.jpg	16	1	1441648680
1068942086907158070_239291078.jpg	33	2	1441647840
1068940208272169145_50388189.jpg	11	0	1441647600
1068939983659035170_1192593417.jpg	40	2	1441647540
1068935391290212637_1484993215.jpg	72	8	1441647000
1068934764952714474_1466991182.jpg	62	1	1441646940
1068932618603829006_1688383428.jpg	71	5	1441646700
1068932081134103310_2167190281.jpg	21	0	1441646640
1068931677021657181_2083150629.jpg	40	3	1441646580
1068929817451238797_413570068.jpg	22	2	1441646340
1068929240785339104_2086900623.jpg	25	0	1441646280
1068929161076633597_713525474.jpg	58	0	1441646280
1068928482382592910_413563469.jpg	344	20	1441646220
1068928145999146633_1147148210.jpg	31	0	1441646160
1068926242824396774_602597310.jpg	20	0	1441645920
1068923319856250625_1555172670.jpg	12	1	1441645560
1068923143107161028_292091577.jpg	29	0	1441645560
1068922552658960235_602597310.jpg	24	0	1441645500
1068922261759711776_50388189.jpg	16	1	1441645440
1068921374344214096_23941788.jpg	141	0	1441645320
1068921187792511152_655074279.jpg	28	0	1441645320
1068914394654778550_1399588272.jpg	6	0	1441644540
1068908272548307996_1499828576.jpg	74	2	1441643760
1068907278580294964_814476768.jpg	509	2	1441643640
1068907082843192212_2123784381.jpg	50	1	1441643640
1068905883162389967_1664788594.jpg	6	0	1441643520
1068903193028617397_184054120.jpg	12	1	1441643160
1068902073903517519_1518178234.jpg	42	9	1441643040
1068901398509472029_1048216233.jpg	127	2	1441642980
1068900259562758530_517640999.jpg	18	0	1441642860
1068899182578308982_26969676.jpg	13	0	1441642680
1068896560976509431_2102362317.jpg	92	4	1441642380
1068892231783156183_1563971793.jpg	87	3	1441641900
1068890700563322489_20829836.jpg	8	0	1441641720
1068889416709587968_205902448.jpg	1237	22	1441641540
1068886834643334722_1419955124.jpg	38	1	1441641240
1068881985611744856_1945103312.jpg	25	1	1441640640
1068872285629894741_2160558763.jpg	30	1	1441639500
1068872283463683330_1689226858.jpg	44	5	1441639500
1068870623633177375_32605093.jpg	9	1	1441639320
1068870599293061822_518098633.jpg	24	0	1441639320
1068863356174158178_1288713153.jpg	46	6	1441638420
1068863297379429825_303284154.jpg	37	0	1441638420
1068862967740689846_303284154.jpg	39	2	1441638360
1068862588698209189_228206001.jpg	13	2	1441638360
1068857369352221461_177009875.jpg	20	0	1441637700
1068854946704567477_1950204010.jpg	139	8	1441637460
1068848969197242703_1330995721.jpg	27	6	1441636740
1068845602554890998_1317800369.jpg	158	4	1441636320
1068843939766076606_43806408.jpg	30	2	1441636140
1068838982864483925_39423724.jpg	26	0	1441635540
1068835227150481842_32128741.jpg	71	0	1441635060
1068834821057604464_2170748385.jpg	23	2	1441635060
1068831998498079763_1995420800.jpg	22	1	1441634700
1068824041922562587_1472668137.jpg	9	0	1441633740
1068821501530472758_31160383.jpg	13	0	1441633440
1068821231706772356_1828274547.jpg	33	1	1441633440
1068821119751422959_386848583.jpg	8	1	1441633380
1068820437095879529_1828274547.jpg	28	0	1441633320
1068818369077690836_1435029719.jpg	245	4	1441633080
1068813712725305554_1730953.jpg	24	1	1441632540
1068812807325775798_491680668.jpg	17	0	1441632420
1068811024604818103_28386497.jpg	38	1	1441632180
1068809169086250252_214931086.jpg	14	0	1441632000
1068809092657512899_1000655959.jpg	18	0	1441631940
1068804163288521332_1604654437.jpg	49	8	1441631400
1068803288843508213_1975389693.jpg	17	1	1441631280
1068800625382045408_220736836.jpg	133	11	1441630980
1068794896330976006_1543570953.jpg	68	2	1441630260
1068791796123350679_894699652.jpg	258	4	1441629900
1068791505429180182_1449791002.jpg	29	4	1441629840
1068791038119765110_1957154088.jpg	28	2	1441629840
1068790630694392634_283324995.jpg	13	0	1441629780
1068790302862557818_1145650079.jpg	201	6	1441629720
1068781577645363082_1453425546.jpg	70	5	1441628700
1068780787979606053_1738829693.jpg	29	2	1441628580
1068780228366158229_1415093697.jpg	100	0	1441628520
1068777962821338020_1303093791.jpg	52	7	1441628280
1068777790945611488_1452912290.jpg	16	0	1441628220
1068775869249057905_1684976628.jpg	29	0	1441627980
1068774226494022021_1506299407.jpg	20	0	1441627800
1068773754329247977_2151505907.jpg	13	1	1441627740
1068769627688155320_1717896293.jpg	11	0	1441627260
1068760025972622506_1535828856.jpg	74	2	1441626120
1068758288749018790_188467286.jpg	43	0	1441625880
1068756409373082166_1578026711.jpg	10	0	1441625700
1068751615147850341_1432635205.jpg	21	0	1441625100
1068749187770134084_599295426.jpg	14	0	1441624800
1068747901346324064_259378142.jpg	35	0	1441624680
1068747303348880588_4069368.jpg	49	0	1441624620
1068746894882350298_279059328.jpg	43	0	1441624560
1068745537242645108_1954252159.jpg	34	0	1441624380
1068739831019793499_636594026.jpg	20	0	1441623720
1068730721803939630_1478602794.jpg	97	0	1441622640
1068729933206456100_2029826600.jpg	15	2	1441622520
1068728471996392782_1648993128.jpg	48	10	1441622340
1068728003493914551_1579734376.jpg	6	1	1441622280
1068717925938788411_23062845.jpg	22	0	1441621080
1068717492295802010_1646560614.jpg	149	18	1441621020
1068713317420793107_372381566.jpg	22	1	1441620540
1068712599273142887_369492621.jpg	77	8	1441620480
1068701125471611361_1431539841.jpg	193	13	1441619100
1068699717676451184_950102704.jpg	21	0	1441618920
1068698965016837095_186692557.jpg	30	0	1441618860
1068695268088983655_53236387.jpg	27	0	1441618380
1068692258500275029_1636521945.jpg	23	0	1441618020
1068691190050462245_1697740773.jpg	15	2	1441617900
1068689956624079842_9241733.jpg	24	0	1441617780
1068689096187865628_233646817.jpg	57	1	1441617660
1068688202030097575_1427182536.jpg	87	2	1441617540
1068681266310249811_1644935606.jpg	33	7	1441616700
1068677948080222757_720471883.jpg	34	3	1441616340
1068677641536790366_44023318.jpg	49	4	1441616280
1068677010033297905_24497641.jpg	279	2	1441616220
1068674690942402094_1176526182.jpg	27	0	1441615920
1068666856880936736_712711988.jpg	9	0	1441615020
1068658728628684461_209170544.jpg	26	1	1441614060
1068654213112069292_500474414.jpg	32	0	1441613520
1068652704006216238_1338155837.jpg	34	0	1441613340
1068652287648110200_390677852.jpg	91	1	1441613280
1068649596001187905_237075253.jpg	36	2	1441612980
1068645715930737483_1725124825.jpg	29	3	1441612500
1068642841452433779_1424230595.jpg	34	0	1441612140
1068642229662327922_39265072.jpg	17	2	1441612080
1068641132962459255_7006610.jpg	25	0	1441611960
1068640414781213589_1447012625.jpg	41	1	1441611840
1068636853020203877_1498677629.jpg	1	0	1441611420
1068636707301922192_249112852.jpg	13	2	1441611420
1068635417805385628_202653130.jpg	111	4	1441611240
1068601749045808661_9013874.jpg	78	7	1441607220
1068599732992233224_31906298.jpg	34	0	1441606980
1068598349721133453_1264783223.jpg	20	2	1441606860
1068585152043298902_482764875.jpg	18	1	1441605240
1068577669874812146_45759960.jpg	36	7	1441604400
1068573865570923763_2172451980.jpg	152	8	1441603920
1068573213784287587_145256801.jpg	17	1	1441603860
1068565876757386661_1028732.jpg	92	0	1441602960
1068560674420298650_650489483.jpg	11	2	1441602360
1068559813325851225_49605737.jpg	53	1	1441602240
1068545794958109275_39348529.jpg	19	1	1441600560
1068541331548998477_47249929.jpg	83	1	1441600020
1068541186742745130_1640682877.jpg	27	0	1441600020
1068534474597969029_1478602794.jpg	35	0	1441599240
1068533897417393463_1623740448.jpg	26	1	1441599180
1068529732129241607_2063850109.jpg	23	0	1441598640
1068528978152758949_372950102.jpg	54	0	1441598580
1068525391151917705_1307851561.jpg	9	1	1441598160
1068523437691506412_1744234610.jpg	52	3	1441597920
1068517561824057527_1321374741.jpg	25	0	1441597200
1068513959184257262_1717518667.jpg	10	0	1441596780
1068508213324270497_1638024593.jpg	25	0	1441596120
1068496387606313461_247981021.jpg	278	4	1441594680
1068493790133791812_1974477218.jpg	108	6	1441594380
1068488692131190831_482970021.jpg	18	0	1441593780
1068485246295219209_1521937822.jpg	52	1	1441593360
1068484362688723538_18921981.jpg	47	8	1441593240
1068483956311227418_1532847206.jpg	28	3	1441593180
1068483718386919765_642913945.jpg	46	3	1441593180
1068481961232639731_1059518016.jpg	19	0	1441592940
1068480215041046229_334315892.jpg	40	3	1441592760
1068479529276436080_1541974890.jpg	54	4	1441592700
1068479255671758798_398058094.jpg	17	0	1441592640
1068477420392452926_3360291.jpg	283	3	1441592400
1068475179689852834_1547688854.jpg	58	6	1441592160
1068472905015512019_263026297.jpg	21	2	1441591860
1068472605617611649_297076207.jpg	70	2	1441591860
1068472325254384140_246657017.jpg	23	0	1441591800
1068470745061687396_2145039895.jpg	49	1	1441591620
1068468423864079482_28497292.jpg	24	1	1441591380
1068468371463137709_1487694921.jpg	15	3	1441591320
1068456938719816303_215628209.jpg	108	3	1441590000
1068455951949346774_1996866516.jpg	32	0	1441589880
1068455513199048786_2135605.jpg	15	0	1441589820
1068455051492437018_417522922.jpg	150	6	1441589760
1068454957314270582_22768640.jpg	17	0	1441589760
1068450419024649808_1538536334.jpg	10	0	1441589220
1068450020803657681_2120864270.jpg	16	0	1441589160
1068449648004747269_2057488507.jpg	31	0	1441589100
1068448574523397849_1032608924.jpg	34	2	1441588980
1068445356953951287_1262297550.jpg	41	0	1441588620
1068442955932588485_567792133.jpg	164	1	1441588320
1068442367092256779_653050187.jpg	16	0	1441588260
1068439900324079594_1286692792.jpg	21	0	1441587960
1068437994559597483_2160959185.jpg	16	0	1441587720
1068435544512407777_1194151033.jpg	38	2	1441587420
1068429473375437666_324696647.jpg	24	3	1441586700
1068428756831572209_267989227.jpg	2	0	1441586640
1068423627823441070_236100824.jpg	16	0	1441586040
1068412946024436050_1467003523.jpg	16	0	1441584720
1068410651880546071_1552451366.jpg	38	0	1441584480
1068396222379308850_188219716.jpg	27	1	1441582740
1068395393475834460_407044763.jpg	29	0	1441582620
1068391581206032161_15434970.jpg	39	2	1441582200
1068391221775360070_1497756079.jpg	16	0	1441582140
1068387252171580708_1226358976.jpg	104	4	1441581660
1068384868689787429_2036982573.jpg	54	2	1441581420
1068384829431323501_249457789.jpg	40	0	1441581360
1068384734153292323_2036982573.jpg	60	3	1441581360
1068382788447640742_228216030.jpg	18	0	1441581120
1068381965132302144_13402368.jpg	26	3	1441581060
1068377035727548218_1166098690.jpg	22	0	1441580460
1068376800988909169_1543203474.jpg	72	4	1441580460
1068370234463612100_320619986.jpg	52	1	1441579620
1068369313058142345_360079237.jpg	51	1	1441579560
1068369261925244269_175075006.jpg	24	2	1441579560
1068365113281463305_1943381008.jpg	21	0	1441579020
1068364369152194284_398515012.jpg	89	1	1441578960
1068362842757036263_340244253.jpg	16	1	1441578780
1068360178365925164_446817848.jpg	11	0	1441578420
1068359942403296247_1385863361.jpg	928	42	1441578420
1068357374943391721_1640292778.jpg	30	1	1441578120
1068353850244566288_1992254066.jpg	42	2	1441577700
1068350624951499181_1083334925.jpg	19	1	1441577340
1068347381491799627_1989115612.jpg	31	1	1441576920
1068344848361181384_480663059.jpg	623	4	1441576620
1068341938235128107_2036982573.jpg	48	4	1441576260
1068341082539255883_1192593417.jpg	87	19	1441576200
1068340629545171197_2036982573.jpg	31	3	1441576140
1068339569039973626_1427606990.jpg	120	0	1441576020
1068339555996285144_2036982573.jpg	35	2	1441576020
1068338442272716192_179240972.jpg	46	1	1441575840
1068335693528840269_2036982573.jpg	75	6	1441575540
1068335467808176199_2036982573.jpg	27	2	1441575480
1068335328993491011_2036982573.jpg	34	2	1441575480
1068330342981057450_2036982573.jpg	32	5	1441574880
1068328467279131590_1831196803.jpg	60	0	1441574640
1068327277299482662_2173629847.jpg	17	0	1441574520
1068323439761072438_2151412983.jpg	13	1	1441574040
1068317883540143368_2007821758.jpg	49	3	1441573380
1068317147077891599_1294955596.jpg	10	0	1441573320
1068317135461070797_2011746964.jpg	61	0	1441573320
1068315558396835675_1419494364.jpg	48	0	1441573140
1068315446631210870_1450495262.jpg	66	3	1441573140
1068315358184007295_2057667488.jpg	39	1	1441573080
1068312001107306548_1435929713.jpg	124	3	1441572720
1068310989287504193_2060747093.jpg	13	4	1441572600
1068310293417958198_346781157.jpg	124	6	1441572480
1068304291255353488_1571629927.jpg	71	3	1441571760
1068302494364007412_609798773.jpg	172	3	1441571580
1068299711023554550_2135898462.jpg	41	8	1441571220
1068299679265356140_28839509.jpg	11	1	1441571220
1068298863606607334_1166098690.jpg	29	0	1441571160
1068293604309584750_225818185.jpg	43	0	1441570500
1068293581472989927_495100447.jpg	46	0	1441570500
1068291497442565277_1386782198.jpg	14	0	1441570260
1068291144064086620_298137219.jpg	43	0	1441570200
1068290423174403627_1148709292.jpg	38	0	1441570140
1068282900496625607_1166098690.jpg	15	0	1441569240
1068282321377023921_1565875116.jpg	8	0	1441569180
1068281915993986737_1902939836.jpg	1073	7	1441569120
1068281827476636589_1180764095.jpg	32	0	1441569120
1068280384762266313_2042489463.jpg	107	1	1441568940
1068279897275418607_1791659784.jpg	146	15	1441568880
1068279091647825494_2125767384.jpg	65	1	1441568760
1068278684053944481_2036982573.jpg	42	1	1441568760
1068273004253771954_1079473037.jpg	29	0	1441568040
1068271936274689439_1296857810.jpg	130	5	1441567920
1068271371401150256_1571196390.jpg	332	3	1441567860
1068270480685115032_1657724456.jpg	54	0	1441567740
1068270247083086470_2160775099.jpg	20	0	1441567740
1068269477973561964_2160775099.jpg	15	0	1441567620
1068268956856455767_2160775099.jpg	16	0	1441567560
1068264922410590730_742674807.jpg	17	0	1441567080
1068263419569933513_39095162.jpg	10	1	1441566900
1068263411962337946_1504641013.jpg	27	2	1441566900
1068261864996065047_644548058.jpg	52	0	1441566720
1068261707634814043_1166098690.jpg	16	2	1441566720
1068260879259838797_180918753.jpg	3517	99	1441566600
1068260798341095765_2086331575.jpg	28	2	1441566600
1068259845813411140_1288155358.jpg	49	0	1441566480
1068259747721063929_2159264298.jpg	92	20	1441566480
1068257329047707842_2086331575.jpg	11	1	1441566180
1068256381162336143_1166098690.jpg	20	0	1441566060
1068256138889844505_541462612.jpg	122	0	1441566060
1068255768540880163_602597310.jpg	39	1	1441566000
1068255232072621325_602597310.jpg	43	0	1441565940
1068254944460054637_2086331575.jpg	38	1	1441565880
1068254504545426672_602597310.jpg	39	3	1441565880
1068254274506043206_1166098690.jpg	15	0	1441565820
1068253868672163024_602597310.jpg	40	0	1441565760
1068253661262470885_370535982.jpg	26	1	1441565760
1068253428228299968_602597310.jpg	34	0	1441565700
1068252826597334173_602597310.jpg	41	0	1441565640
1068252751619898272_1570967253.jpg	120	0	1441565640
1068252126635105407_602597310.jpg	31	0	1441565580
1068251679137094251_371412965.jpg	64	1	1441565520
1068251481583458644_1366071093.jpg	17	0	1441565520
1068251147013463132_602597310.jpg	29	1	1441565460
1068250790732749172_278687549.jpg	55	1	1441565400
1068250034153484519_1107215283.jpg	46	1	1441565340
1068249400280554737_408259038.jpg	26	1	1441565220
1068248405832364881_1321870251.jpg	82	0	1441565100
1068246433865024594_1480736680.jpg	34	0	1441564920
1068246305537945846_1514928483.jpg	12	0	1441564860
1068245437056780895_34383297.jpg	17	0	1441564800
1068244409678990927_1569948490.jpg	888	126	1441564620
1068242155769619588_269689024.jpg	55	0	1441564380
1068242017472166630_584851229.jpg	135	1	1441564380
1068241586414939229_1653761018.jpg	77	15	1441564320
1068234833815619337_1580809560.jpg	56	0	1441563480
1068234537416814879_1500025539.jpg	66	2	1441563480
1068232139837070870_1528532358.jpg	26	0	1441563180
1068231331429440768_903769822.jpg	57	4	1441563060
1068228588889850594_1484993215.jpg	31	31	1441562760
1068228383384968478_1991512470.jpg	31	2	1441562760
1068228029536705811_1991512470.jpg	30	0	1441562700
1068227580603571458_1991512470.jpg	22	1	1441562640
1068226261945576706_1508355154.jpg	51	1	1441562460
1068225807881091407_2036982573.jpg	38	2	1441562460
1068225626905262410_2036982573.jpg	64	3	1441562400
1068225469694359873_2036982573.jpg	37	2	1441562400
1068225096050953528_1260129498.jpg	14	1	1441562340
1068224909044139090_1296309912.jpg	8	0	1441562340
1068224577793820736_24833969.jpg	121	6	1441562280
1068223962296961323_1425264433.jpg	68	2	1441562220
1068223565378658323_2086331575.jpg	74	9	1441562160
1068222222965374379_494075478.jpg	1	0	1441561980
1068221984202569884_2036982573.jpg	34	1	1441561980
1068221963457215210_1570967253.jpg	60	1	1441561980
1068221829944457368_2036982573.jpg	38	1	1441561980
1068221702689274004_2036982573.jpg	42	1	1441561920
1068219205566861907_712531027.jpg	16	0	1441561620
1068216348188756413_2068585913.jpg	14	0	1441561320
1068215737634609483_31668157.jpg	35	3	1441561260
1068210285661946750_193339895.jpg	10	0	1441560600
1068208423965259606_269795476.jpg	15	2	1441560360
1068207908757175458_2069093838.jpg	57	0	1441560300
1068207540103344049_303284154.jpg	36	4	1441560240
1068206422260971244_1413797556.jpg	21	1	1441560120
1068205362880133266_1570967253.jpg	73	3	1441560000
1068204495707031962_255981521.jpg	47	2	1441559880
1068201935790160331_2036982573.jpg	34	1	1441559580
1068201292248382751_1623321278.jpg	62	4	1441559520
1068200457046342044_2036982573.jpg	37	1	1441559400
1068200261314951571_2036982573.jpg	57	4	1441559400
1068198261317502210_375480320.jpg	20	0	1441559160
1068196315129768130_705818129.jpg	44	1	1441558920
1068195706185171348_894674335.jpg	594	2	1441558860
1068195491353148309_2078849557.jpg	3	0	1441558800
1068194577143838904_2036982573.jpg	35	1	1441558680
1068193971443399507_1514736597.jpg	43	0	1441558620
1068193260049244910_1288228303.jpg	17	0	1441558560
1068192747941757969_308858552.jpg	18	0	1441558500
1068191195044021861_1352769896.jpg	40	5	1441558320
1068190981006309407_2036982573.jpg	44	0	1441558260
1068190661695799183_207744382.jpg	49	3	1441558260
1068190345618120631_1923321142.jpg	40	0	1441558200
1068189936658168830_2036982573.jpg	41	3	1441558140
1068189755674711083_1445768316.jpg	14	0	1441558140
1068189373968562883_1825213981.jpg	19	1	1441558080
1068187613116523976_15994632.jpg	68	0	1441557900
1068187025482937133_1158606499.jpg	14	0	1441557780
1068186376123028479_11028683.jpg	38	1	1441557720
1068182653239853332_2172271567.jpg	20	1	1441557300
1068181467024918156_292827880.jpg	25	0	1441557120
1068179699779050181_199391861.jpg	20	2	1441556940
1068179695475323423_1158606499.jpg	8	0	1441556940
1068179648977507150_1660136731.jpg	234	24	1441556940
1068179029699120642_743643890.jpg	92	1	1441556880
1068178969291286844_2043942457.jpg	169	1	1441556820
1068177624530422891_1412347562.jpg	22	0	1441556700
1068177130860353346_1356477084.jpg	21	0	1441556640
1068174411526310294_2079498073.jpg	48	0	1441556280
1068174410932125228_411554446.jpg	36	0	1441556280
1068172581157713116_2131843564.jpg	21	2	1441556100
1068172010092720353_1158606499.jpg	14	1	1441556040
1068171742405863414_998053464.jpg	22	10	1441555980
1068171184890485918_409683366.jpg	18	0	1441555920
1068169613752627358_1158606499.jpg	14	1	1441555740
1068169014968321884_684759352.jpg	15	0	1441555680
1068165701936743599_502038200.jpg	57	2	1441555260
1068164550356584507_10587769.jpg	140	3	1441555140
1068163264532812056_197281635.jpg	125	3	1441554960
1068163240844016091_1570967253.jpg	85	4	1441554960
1068162304858973155_525991335.jpg	21	3	1441554840
1068161848571910182_1605234149.jpg	57	2	1441554780
1068161757077527611_1269059310.jpg	13	0	1441554780
1068159605172892507_2027134123.jpg	6	2	1441554540
1068159512327995418_1832609335.jpg	188	12	1441554540
1068158646917298380_1104624381.jpg	9	0	1441554420
1068158054210603813_2161928201.jpg	14	2	1441554360
1068157791754671597_1505501684.jpg	6	0	1441554300
1068157364105326869_2152918531.jpg	17	3	1441554300
1068157073120312109_2036982573.jpg	38	1	1441554240
1068156510672534298_2036982573.jpg	16	2	1441554180
1068156178265553676_2036982573.jpg	22	1	1441554120
1068155217644082449_2118457548.jpg	212	2	1441554000
1068154215975198734_220820615.jpg	50	0	1441553880
1068152650907570547_1256328891.jpg	63	3	1441553700
1068151627350877917_1223820072.jpg	42	2	1441553580
1068151087103769517_1104624381.jpg	10	0	1441553520
1068150886455453130_1124073208.jpg	35	1	1441553520
1068150097680696010_304520927.jpg	10	0	1441553400
1068146185690836703_505634762.jpg	58	0	1441552920
1068141779931379452_205951036.jpg	122	5	1441552440
1068141769967506759_1593957788.jpg	10	0	1441552440
1068140585175426855_53280968.jpg	30	0	1441552260
1068139848352733386_1582950069.jpg	16	2	1441552200
1068136801829837009_1248296461.jpg	80	4	1441551840
1068135966393359129_50388189.jpg	12	0	1441551720
1068135918240342319_1523230839.jpg	30	2	1441551720
1068131639899416957_347010985.jpg	19	0	1441551180
1068130596200571437_655074279.jpg	34	0	1441551060
1068128851696839958_1320923866.jpg	26	0	1441550880
1068128733199414012_1366678915.jpg	31	0	1441550880
1068127667735918724_768112717.jpg	8	0	1441550760
1068126852650423146_276484659.jpg	35	2	1441550640
1068126371895988252_265501427.jpg	16	1	1441550580
1068125178349276666_255872610.jpg	15	0	1441550460
1068124772380238155_369120311.jpg	2	0	1441550400
1068124597176330711_792050857.jpg	206	24	1441550340
1068124337366709971_37793148.jpg	16	0	1441550340
1068124083334493897_37793148.jpg	9	0	1441550280
1068121122918510496_317247442.jpg	29	1	1441549980
1068120253798533944_43956009.jpg	950	79	1441549860
1068117063564006724_1427014356.jpg	28	5	1441549440
1068116827823839423_331000933.jpg	14	0	1441549440
1068116695250278586_331000933.jpg	23	0	1441549440
1068116168648176012_603837059.jpg	685	9	1441549380
1068115644614334062_1957139500.jpg	21	0	1441549320
1068115267072317512_2865277.jpg	2	0	1441549260
1068114248011999756_472314729.jpg	59	1	1441549140
1068113271810461311_1998737338.jpg	16	0	1441549020
1068111715361767055_201716166.jpg	20	2	1441548840
1068109681496673611_331589338.jpg	19	0	1441548600
1068109603170433157_2036982573.jpg	76	1	1441548600
1068109302866655354_2036982573.jpg	44	3	1441548540
1068107884696391233_8127002.jpg	29	0	1441548360
1068106964019875028_2088495418.jpg	13	0	1441548240
1068106311964986560_2088495418.jpg	16	0	1441548180
1068106236805265415_2036982573.jpg	59	2	1441548180
1068105989861424124_2036982573.jpg	38	1	1441548120
1068105716938062835_2036982573.jpg	31	2	1441548120
1068103732763835300_2036982573.jpg	60	1	1441547880
1068103502849906032_1365793588.jpg	24	2	1441547880
1068103230596594571_2036982573.jpg	54	2	1441547820
1068102910034639313_1588312877.jpg	30	2	1441547760
1068102057567206239_2036982573.jpg	53	2	1441547700
1068101935746039343_1449325814.jpg	59	2	1441547640
1068101502687946567_1565964520.jpg	19	2	1441547640
1068101484298973234_176878403.jpg	24	0	1441547640
1068101393340447562_2036982573.jpg	56	4	1441547580
1068099877332826562_200381005.jpg	33	0	1441547400
1068099699134990694_2139042337.jpg	12	0	1441547400
1068099579035532048_2036982573.jpg	90	1	1441547400
1068099262424300297_2036982573.jpg	39	1	1441547340
1068099187883380348_1586912818.jpg	19	0	1441547340
1068099115672185831_248980809.jpg	18	0	1441547340
1068098177970223848_2036982573.jpg	51	1	1441547220
1068098123425652936_1590985775.jpg	16	0	1441547220
1068097906531646172_2036982573.jpg	27	1	1441547160
1068097536844022011_1770943.jpg	315	21	1441547160
1068097014602299829_983500413.jpg	70	3	1441547100
1068095717005693776_498933939.jpg	49	0	1441546920
1068095520372961837_1717055267.jpg	73	2	1441546920
1068093894243662418_2036982573.jpg	24	1	1441546680
1068093485491960383_2036982573.jpg	27	1	1441546680
1068091593791928789_325740797.jpg	37	2	1441546440
1068089523510454816_1753272569.jpg	13	0	1441546200
1068089323307524153_1982447167.jpg	47	0	1441546140
1068088933547952250_1534722481.jpg	102	0	1441546140
1068087233078528925_1437119513.jpg	150	0	1441545900
1068086809349103118_1655235550.jpg	18	0	1441545840
1068085886975320062_2036129454.jpg	31	0	1441545780
1068084574800620051_1693956065.jpg	62	15	1441545600
1068083354050726819_34383297.jpg	17	0	1441545420
1068082790252017990_384217941.jpg	19	2	1441545360
1068082755566627417_1638624409.jpg	17	0	1441545360
1068079727654875865_252847699.jpg	62	2	1441545000
1068079100654792396_1468185778.jpg	409	14	1441544940
1068078387943868020_1556682720.jpg	39	2	1441544880
1068073747710643677_1476243490.jpg	203	17	1441544280
1068072801803353865_2083359014.jpg	26	10	1441544220
1068071024036547697_1368896410.jpg	15	0	1441543980
1068071012551555374_1025455445.jpg	25	2	1441543980
1068070415360119460_447407355.jpg	102	10	1441543920
1068070165672431729_1076431603.jpg	112	0	1441543860
1068069980903829145_1246660506.jpg	7	0	1441543860
1068069920332503102_2082693253.jpg	20	0	1441543860
1068069330412034090_2082693253.jpg	18	0	1441543800
1068065368589349173_337252699.jpg	36	0	1441543320
1068065204305206304_56031094.jpg	12	2	1441543260
1068062158539463252_2145049613.jpg	18	2	1441542900
1068061061340391298_49016976.jpg	14	0	1441542780
1068060104250749628_12107171.jpg	42	0	1441542660
1068058706557798490_32822305.jpg	18	1	1441542540
1068056007018092898_1704135581.jpg	63	7	1441542180
1068055937631682430_1147004638.jpg	13	3	1441542180
1068054968636090300_1507377376.jpg	2	0	1441542060
1068054177404503333_4131104.jpg	17	1	1441542000
1068053350144475002_561380446.jpg	22	2	1441541880
1068052788174459728_232155067.jpg	30	0	1441541820
1068050948924389693_2036982573.jpg	11	0	1441541580
1068050318539498341_1516979743.jpg	23	0	1441541520
1068049584701847817_2036982573.jpg	22	1	1441541400
1068049159833580390_1914645571.jpg	10	0	1441541400
1068046343786041249_2091275354.jpg	25	0	1441541040
1068045667643474247_37029655.jpg	14	0	1441540980
1068044035748505467_654134328.jpg	49	0	1441540740
1068043615387088324_193754444.jpg	171	1	1441540740
1068040291558952573_43297882.jpg	11	0	1441540320
1068038037506497333_1558922949.jpg	16	0	1441540020
1068037007811035679_1654240783.jpg	43	0	1441539900
1068035758147026878_1492254398.jpg	74	4	1441539780
1068035303769982929_256399688.jpg	16	0	1441539720
1068034065972398750_1923689929.jpg	32	2	1441539600
1068032588425859586_1941802691.jpg	16	3	1441539420
1068032495650089825_2022244873.jpg	6	0	1441539360
1068032006492735268_143989048.jpg	4774	153	1441539300
1068031133867366404_223613637.jpg	13	0	1441539240
1068029354625743565_2036982573.jpg	7	0	1441539000
1068028914860254955_2088126496.jpg	58	3	1441538940
1068028110362366775_2171064595.jpg	21	0	1441538880
1068027303324016693_1621100759.jpg	33	0	1441538760
1068026883048225392_2036982573.jpg	27	1	1441538700
1068026418388345334_564334423.jpg	10	1	1441538640
1068026092530973265_2036982573.jpg	24	1	1441538640
1068025614818036923_1825514050.jpg	26	2	1441538580
1068025382797998341_1027499509.jpg	9	0	1441538520
1068024480179791114_1718935616.jpg	303	24	1441538460
1068024363429149200_2036982573.jpg	20	1	1441538400
1068024360080904034_1260756410.jpg	48	3	1441538400
1068021922092715289_852277722.jpg	21	1	1441538100
1068019876027059986_1681522450.jpg	146	6	1441537860
1068011752609415748_35743711.jpg	25	1	1441536900
1068011064983648530_534450605.jpg	102	0	1441536840
1068008282708323891_1298885074.jpg	19	0	1441536480
1068005736801247521_1643226927.jpg	72	0	1441536180
1068003906852803209_1495098123.jpg	28	7	1441536000
1068002130917346119_38318089.jpg	29	0	1441535760
1068001684980566855_464274673.jpg	32	0	1441535700
1068000783372924131_1283284620.jpg	250	6	1441535580
1067998397911585131_1214493379.jpg	30	9	1441535340
1067997887672498022_1932056420.jpg	33	6	1441535280
1067997474549557017_1639935664.jpg	146	13	1441535220
1067997190589067739_48937891.jpg	26	0	1441535160
1067995795690304608_880638788.jpg	82	3	1441535040
1067994619448078958_1798793787.jpg	18	1	1441534860
1067994544703183073_52396445.jpg	15	0	1441534860
1067992784545293093_2065445039.jpg	26	6	1441534680
1067991666691850401_231009015.jpg	6	0	1441534500
1067991047344009463_1712723883.jpg	271	7	1441534440
1067990961399925858_983151154.jpg	39	2	1441534440
1067990018262316712_1651988084.jpg	124	10	1441534320
1067989920276551650_769449612.jpg	37	0	1441534320
1067989201069748259_310708531.jpg	6	0	1441534200
1067988974876263134_1591390543.jpg	18	0	1441534200
1067986964934676308_173807930.jpg	1293	48	1441533960
1067986814008690382_305539736.jpg	98	5	1441533960
1067986722310399253_673307376.jpg	20	1	1441533960
1067985447747125434_2018939159.jpg	8	0	1441533780
1067984109407886297_1292530309.jpg	35	0	1441533600
1067982849525162387_1809872567.jpg	21	0	1441533480
1067981652991747337_247388400.jpg	3	0	1441533300
1067980770603309306_332489229.jpg	7	0	1441533240
1067975918893253440_824989975.jpg	24	0	1441532640
1067974938659242797_824989975.jpg	15	0	1441532520
1067973741510294890_2039012718.jpg	14	0	1441532400
1067972205245602071_565877533.jpg	15	0	1441532220
1067970513752408796_824989975.jpg	11	0	1441531980
1067969856981105492_2039733005.jpg	27	1	1441531920
1067969696395404001_1422615487.jpg	60	0	1441531920
1067968819995621634_2040470525.jpg	17	1	1441531800
1067968603864415608_1555416774.jpg	7	0	1441531800
1067967956279515071_592085660.jpg	22	1	1441531680
1067967741400216113_344663867.jpg	74	0	1441531680
1067967105718931721_1507682931.jpg	49	2	1441531620
1067963256002551959_2109668303.jpg	65	4	1441531140
1067961854979389605_2078553501.jpg	118	2	1441530960
1067959125242622534_209223659.jpg	39	0	1441530660
1067958833595013651_428807805.jpg	43	3	1441530600
1067956985351899941_1536484865.jpg	54	1	1441530360
1067956794896353149_2035889288.jpg	183	4	1441530360
1067956353352433697_1317808167.jpg	26	0	1441530300
1067954933034352097_672442270.jpg	8	0	1441530120
1067951575268784612_37708517.jpg	1290	47	1441529760
1067950741559660250_183199562.jpg	22	1	1441529640
1067950335834569270_401522925.jpg	1452	65	1441529580
1067950261093004723_145333836.jpg	53	1	1441529580
1067950034390719866_1074428686.jpg	46	0	1441529580
1067949169004978029_696893526.jpg	20	2	1441529460
1067949117833642877_1646122719.jpg	7	0	1441529460
1067947369388875518_462483878.jpg	9	0	1441529220
1067947330137684342_1432623005.jpg	29	2	1441529220
1067947109884762006_1762246412.jpg	13	0	1441529220
1067946988646831762_1227423972.jpg	68	0	1441529220
1067946940220385781_957894937.jpg	35	2	1441529160
1067945736034717782_1804843971.jpg	119	2	1441529040
1067945695860934429_369638248.jpg	67	1	1441529040
1067945325525979279_234420243.jpg	17	0	1441528980
1067944507327134702_175811037.jpg	13	0	1441528920
1067942402721480556_1401409766.jpg	38	2	1441528620
1067942306350624705_829967298.jpg	77	1	1441528620
1067942228263344801_2121024517.jpg	15	0	1441528620
1067941193658186152_252595045.jpg	18	2	1441528500
1067939514586343939_5785361.jpg	20	0	1441528320
1067938765067462718_1464718529.jpg	24	0	1441528200
1067938151598903960_1432562291.jpg	44	1	1441528140
1067937907909612602_978862068.jpg	157	2	1441528140
1067929900647733170_978862068.jpg	136	3	1441527180
1067929198942987811_213724328.jpg	1	0	1441527060
1067928931655057296_1461637654.jpg	19	1	1441527060
1067928845371256830_1563519042.jpg	16	2	1441527060
1067928300804218389_1288155358.jpg	55	0	1441526940
1067928277039124950_496000195.jpg	24	0	1441526940
1067927846108070745_1193995319.jpg	17	0	1441526940
1067921648033931632_1448045199.jpg	35	11	1441526160
1067921424826028889_522164659.jpg	28	1	1441526160
1067920325683240802_296779406.jpg	26	0	1441526040
1067919897813644201_579134155.jpg	52	0	1441525980
1067919892611549577_1700098025.jpg	36	2	1441525980
1067919420359054502_1227423972.jpg	66	1	1441525920
1067919290786730572_2008222131.jpg	159	0	1441525920
1067916134156132395_1383714663.jpg	231	16	1441525500
1067915859485794479_1809872567.jpg	36	1	1441525500
1067914481884981614_1280094089.jpg	31	0	1441525320
1067911658974932082_1005928258.jpg	501	8	1441524960
1067911190562231879_978862068.jpg	150	4	1441524900
1067910858784363723_1650777036.jpg	62	0	1441524900
1067910226642903693_321185935.jpg	27	1	1441524840
1067909814292045993_1537540503.jpg	93	5	1441524780
1067909549547577509_1537540503.jpg	111	5	1441524720
1067906960859384046_189398121.jpg	13	0	1441524420
1067906935669857337_1437864550.jpg	13	0	1441524420
1067906150780855858_1272464056.jpg	12	0	1441524300
1067901968211128161_466737698.jpg	88	0	1441523820
1067899656593581963_1726005360.jpg	1135	31	1441523580
1067891965417830038_1482308660.jpg	30	2	1441522620
1067889155936065518_370585996.jpg	89	2	1441522320
1067888773526852326_1806328203.jpg	93	4	1441522260
1067886729306017812_332622275.jpg	103	5	1441522020
1067886207629426547_1401409766.jpg	39	0	1441521960
1067886025017465704_824154421.jpg	78	1	1441521900
1067876594366367296_1643562640.jpg	38	0	1441520820
1067876210422122715_47249929.jpg	40	0	1441520760
1067873214597469724_584498876.jpg	16	0	1441520400
1067868054132729271_1950221128.jpg	11	0	1441519800
1067867854911677876_1950221128.jpg	11	0	1441519740
1067867580109268398_1950221128.jpg	11	1	1441519740
1067862281574283245_1664379476.jpg	14	0	1441519080
1067861896072226160_1386495984.jpg	2	0	1441519020
1067858633894889619_341652273.jpg	20	0	1441518660
1067852134822207360_435953606.jpg	13	0	1441517880
1067850231821867661_182420997.jpg	28	0	1441517640
1067850181576777561_435953606.jpg	20	2	1441517640
1067850041276307790_1535202629.jpg	35	0	1441517640
1067849310352210770_1483118101.jpg	26	2	1441517520
1067849305503810833_1945103312.jpg	26	0	1441517520
1067848495064509274_1635399185.jpg	32	0	1441517460
1067847110120916068_1324568024.jpg	23	0	1441517280
1067845555618343953_1991626818.jpg	33	0	1441517100
1067844767535554080_2076438542.jpg	33	2	1441516980
1067843944545579486_420823131.jpg	28	0	1441516920
1067842638163199304_30853824.jpg	12	0	1441516740
1067841863237115617_787275646.jpg	17	0	1441516680
1067839275094922527_1595648988.jpg	26	0	1441516380
1067838487656963525_612799646.jpg	35	1	1441516260
1067838036178638137_1643156284.jpg	22	1	1441516200
1067835987345118595_1611046380.jpg	31	1	1441515960
1067835420731329882_49729434.jpg	39	1	1441515900
1067834221403969869_1321374741.jpg	44	1	1441515780
1067834156490104808_1364946990.jpg	36	0	1441515720
1067833495417404526_1518601934.jpg	76	1	1441515660
1067831600525881292_21359618.jpg	79	2	1441515420
1067831203265106917_1324058187.jpg	27	0	1441515420
1067829865308787555_1704084643.jpg	28	1	1441515240
1067828121607677915_765141608.jpg	76	3	1441515000
1067820268729816184_211801684.jpg	28	0	1441514100
1067819951803045578_1902939836.jpg	1372	5	1441514040
1067815908768997188_1190778062.jpg	52	5	1441513560
1067814004813718074_1773591783.jpg	18	0	1441513320
1067813463646791018_104885760.jpg	62	0	1441513260
1067810361786826754_1395174671.jpg	24	3	1441512900
1067808915345062307_1570967253.jpg	99	5	1441512720
1067808552238233740_415779653.jpg	34	0	1441512720
1067807014729446602_1049891948.jpg	29	0	1441512480
1067806494000521467_11999199.jpg	28	1	1441512420
1067803059433161597_300256455.jpg	21	0	1441512060
1067802963334702504_1541222856.jpg	50	0	1441512000
1067799594914162201_327152696.jpg	100	5	1441511640
1067797724600098237_175949246.jpg	27	4	1441511400
1067796341415257139_677380296.jpg	37	5	1441511220
1067791445920352392_200709641.jpg	933	16	1441510680
1067790232722548397_53280968.jpg	19	0	1441510500
1067789162018720133_466067257.jpg	38	2	1441510380
1067788108014731350_1588021711.jpg	180	3	1441510260
1067787146331289256_1514809988.jpg	406	13	1441510140
1067785446411467399_411673069.jpg	57	1	1441509960
1067785283378298212_298297510.jpg	47	9	1441509900
1067784991326351519_217490011.jpg	100	4	1441509900
1067781712916431343_293645687.jpg	31	2	1441509480
1067778015637401287_1432185634.jpg	23	0	1441509060
1067775955337474281_194326531.jpg	38	5	1441508820
1067775752097928024_1356187.jpg	54	5	1441508760
1067772434381838817_2142954645.jpg	316	0	1441508400
1067772407753708431_2013802019.jpg	30	0	1441508400
1067772396781648306_1570967253.jpg	72	0	1441508400
1067771875446524899_8287337.jpg	31	1	1441508340
1067770224601103348_46906437.jpg	11	1	1441508100
1067769166237451520_917738248.jpg	13	0	1441507980
1067767777921606923_47502056.jpg	7	0	1441507800
1067766644923039169_722277430.jpg	26	0	1441507680
1067764981295676809_1773178774.jpg	26	2	1441507500
1067761137274888521_1652903879.jpg	136	13	1441507020
1067759125855027919_339759431.jpg	24	2	1441506780
1067758719473230299_196080455.jpg	23	0	1441506780
1067758161197624917_1292593418.jpg	41	0	1441506660
1067757749768959878_1604762444.jpg	35	2	1441506660
1067756149439974216_234276777.jpg	54	9	1441506420
1067749870767078225_297420669.jpg	30	4	1441505700
1067748468698467898_1376843922.jpg	35	0	1441505520
1067747404491823619_344841317.jpg	27	0	1441505400
1067746656666198176_308958271.jpg	53	4	1441505340
1067746347291510974_215090513.jpg	32	0	1441505280
1067745919015193024_37004481.jpg	21	0	1441505220
1067745375784519423_1945103312.jpg	32	1	1441505160
1067739754166389736_347907465.jpg	24	0	1441504500
1067738588492866274_1541541543.jpg	11	1	1441504380
1067737672892048947_447355536.jpg	18	0	1441504260
1067737102058554676_1040993360.jpg	5	0	1441504200
1067727992064984610_1018924496.jpg	33	4	1441503060
1067727795233643368_640653477.jpg	39	0	1441503060
1067727657925936633_2004485576.jpg	182	5	1441503060
1067726954679387652_1018924496.jpg	21	9	1441502940
1067726673241589245_1018924496.jpg	24	3	1441502940
1067726475031174491_1420000214.jpg	207	0	1441502880
1067725823942329293_372476535.jpg	57	6	1441502820
1067725792310303686_485827917.jpg	232	2	1441502820
1067723587021941294_1643584073.jpg	46	5	1441502580
1067721096467479833_1532847206.jpg	29	0	1441502280
1067717657324191769_676208615.jpg	55	1	1441501860
1067711997538443798_2109668303.jpg	68	0	1441501200
1067711363536035080_466393494.jpg	34	0	1441501080
1067710289180634134_817397314.jpg	25	3	1441500960
1067709765473291064_1474009113.jpg	58	1	1441500900
1067708813975296921_44355837.jpg	44	1	1441500780
1067702636415154744_464009477.jpg	11	1	1441500060
1067699977081484316_215627204.jpg	46	0	1441499760
1067699150319383539_2092374475.jpg	23	1	1441499640
1067695618225264871_1188530949.jpg	28	0	1441499220
1067693575464676275_1717205633.jpg	44	0	1441498980
1067693219996824210_520910059.jpg	73	2	1441498920
1067691594263576024_2084674110.jpg	21	0	1441498740
1067690902679169215_2068756769.jpg	57	0	1441498680
1067690226985583685_1950202160.jpg	45	7	1441498560
1067686270483169033_357678454.jpg	44	0	1441498140
1067685689713441729_1570967253.jpg	108	2	1441498020
1067682822615227077_1389794373.jpg	9	3	1441497720
1067679949127942965_1600801279.jpg	49	1	1441497360
1067679883278272279_1950202160.jpg	50	0	1441497360
1067678550721277929_2153850746.jpg	27	1	1441497180
1067677644158606658_1799443270.jpg	135	7	1441497060
1067677318128169953_1498909443.jpg	9977	405	1441497060
1067670663395303772_545179631.jpg	41	3	1441496280
1067669403541091541_2011746964.jpg	39	0	1441496100
1067669318508783203_2065934904.jpg	32	1	1441496100
1067668799295987669_1507379998.jpg	25	0	1441496040
1067665479151022314_1678253995.jpg	53	2	1441495620
1067663104207927503_1733731709.jpg	23	0	1441495380
1067661812455127264_1570967253.jpg	105	1	1441495200
1067661283050654719_1733627817.jpg	22	6	1441495140
1067659855358369405_1733621318.jpg	25	1	1441494960
1067656923976220213_530336454.jpg	29	1	1441494600
1067656648898369835_655607805.jpg	79	4	1441494600
1067656238172841863_1240275360.jpg	40	1	1441494540
1067654237896448223_1386659229.jpg	37	0	1441494300
1067651984596313486_965761704.jpg	33	0	1441494000
1067648163962369596_466796228.jpg	20	0	1441493580
1067648136994769789_1590152961.jpg	24	0	1441493580
1067647873592478582_1590152961.jpg	28	0	1441493520
1067647787483417457_1590152961.jpg	25	0	1441493520
1067646537489825563_189589206.jpg	19	0	1441493400
1067646397507825323_1519362938.jpg	244	10	1441493340
1067646355465252105_236019042.jpg	36	1	1441493340
1067645875836369670_1570967253.jpg	97	2	1441493280
1067645488166536363_1243783520.jpg	15	0	1441493280
1067642717485345954_236019042.jpg	25	0	1441492920
1067639163800649037_1914357174.jpg	67	1	1441492500
1067639058849396341_1344260828.jpg	60	0	1441492500
1067638970811467414_1424746328.jpg	71	0	1441492500
1067638230410102041_10753616.jpg	34	0	1441492380
1067638070520785195_721291225.jpg	25	0	1441492380
1067637290249686858_458119802.jpg	47	1	1441492260
1067635957609594182_1969424158.jpg	49	1	1441492140
1067634617695955244_272867905.jpg	19	0	1441491960
1067632983845063840_1821611234.jpg	32	0	1441491780
1067632458292122074_539787931.jpg	148	3	1441491720
1067629952513940617_1539517630.jpg	33	0	1441491420
1067629945786693831_1423463037.jpg	22	1	1441491420
1067628088146833000_12708626.jpg	30	1	1441491180
1067625708138853127_191883131.jpg	17	0	1441490880
1067625180645227762_1193946982.jpg	46	1	1441490820
1067624591436612912_1282960832.jpg	15	0	1441490760
1067624576454737191_1990676006.jpg	67	1	1441490760
1067623211858428270_1172369639.jpg	312	0	1441490580
1067622170903939354_511255993.jpg	28	0	1441490460
1067621902066594076_1622071739.jpg	115	4	1441490460
1067620848049722116_2021704995.jpg	26	2	1441490340
1067620562916153970_1142265325.jpg	45	1	1441490280
1067615829653542979_231991365.jpg	49	0	1441489740
1067615775020394641_1447378177.jpg	33	0	1441489680
1067615117287706149_1419294434.jpg	220	6	1441489620
1067613617847046429_595877339.jpg	32	2	1441489440
1067612006849539561_1562893418.jpg	24	0	1441489260
1067611702490776424_489735207.jpg	79	5	1441489200
1067610892589996750_251952693.jpg	31	0	1441489140
1067610541342001713_728627497.jpg	51	2	1441489080
1067609935407653826_1455477471.jpg	110	1	1441489020
1067608822593936397_243664662.jpg	52	0	1441488900
1067607367862310491_1361235372.jpg	79	3	1441488720
1067604767116883099_564665252.jpg	32	0	1441488420
1067604348584511127_1652550688.jpg	18	0	1441488360
1067602395988122082_483613733.jpg	42	2	1441488120
1067601758144782460_1537799951.jpg	86	0	1441488060
1067601504120954998_1431594951.jpg	112	0	1441488000
1067598932212282619_1651151628.jpg	22	1	1441487700
1067598366291590854_248931598.jpg	15	0	1441487640
1067597190476964190_993786383.jpg	139	8	1441487520
1067596859077105129_204471860.jpg	26	1	1441487460
1067592265021689274_1029961186.jpg	73	1	1441486920
1067591821618994956_2158023478.jpg	205	8	1441486860
1067590356843113686_614634362.jpg	12	0	1441486680
1067588854833424054_1421760200.jpg	19	0	1441486500
1067588399608709200_1145650079.jpg	275	31	1441486440
1067587446356876989_247839390.jpg	38	0	1441486320
1067586695104216286_50186966.jpg	27	0	1441486260
1067581226925041240_601353976.jpg	29	2	1441485600
1067581215832554956_55191294.jpg	280	20	1441485600
1067580670865399315_2041475086.jpg	83	4	1441485540
1067578838302879042_2164029378.jpg	20	0	1441485300
1067577914722498159_1170391420.jpg	29	3	1441485180
1067577622121295778_1147148210.jpg	60	0	1441485180
1067576147806662507_1147148210.jpg	36	0	1441485000
1067576064438932333_747741507.jpg	152	2	1441485000
1067575370232496878_1284937687.jpg	59	0	1441484880
1067572497495390587_1483118101.jpg	33	0	1441484580
1067571878281742407_365082945.jpg	31	6	1441484460
1067570748998458710_1991512470.jpg	29	0	1441484340
1067570722580898207_47615679.jpg	19	0	1441484340
1067570449348992329_1991512470.jpg	30	0	1441484280
1067569995238478487_2136260899.jpg	34	1	1441484280
1067569317782881065_845895.jpg	65	3	1441484160
1067566818240877295_1145848955.jpg	82	5	1441483860
1067565106200512735_1935808009.jpg	109	1	1441483680
1067564495994056267_1454335730.jpg	87	0	1441483620
1067564338421775699_460635078.jpg	394	8	1441483560
1067564322176971197_468593915.jpg	30	2	1441483560
1067564192414605997_39274903.jpg	80	2	1441483560
1067562622771812406_530959885.jpg	102	0	1441483380
1067562534243820075_514661943.jpg	63	2	1441483380
1067561599846043396_1653312802.jpg	30	2	1441483260
1067560760608848395_22403869.jpg	80	1	1441483140
1067559973145526991_1832609335.jpg	107	16	1441483080
1067559965208658165_1444768119.jpg	28	1	1441483080
1067559674742998692_1727851440.jpg	76	2	1441483020
1067559128629461333_714623023.jpg	31	0	1441482960
1067556373615202528_1512380627.jpg	50	7	1441482600
1067555536653392874_1022923717.jpg	11	0	1441482540
1067554857936815399_29586088.jpg	14	1	1441482420
1067552133546232202_32928825.jpg	82	6	1441482120
1067551652405395294_460635078.jpg	205	0	1441482060
1067550825844407086_1112627141.jpg	56	3	1441481940
1067550792820206221_1372343849.jpg	85	0	1441481940
1067550502479483729_1796081299.jpg	11	0	1441481940
1067550338333716427_1939973754.jpg	31	0	1441481880
1067549427085487886_268861674.jpg	22	2	1441481820
1067548900993169320_2083425924.jpg	31	1	1441481760
1067548445554406405_43314764.jpg	38	1	1441481700
1067547534934570726_1738891948.jpg	332	11	1441481580
1067546366470639510_1586588954.jpg	75	2	1441481460
1067545249901002355_460635078.jpg	226	2	1441481280
1067545151587675620_1506321210.jpg	689	14	1441481280
1067544142606535913_245046826.jpg	2079	23	1441481160
1067541923071700052_200110426.jpg	73	1	1441480920
1067540962813261069_1426537668.jpg	51	4	1441480800
1067539376308580784_1803141883.jpg	37	0	1441480620
1067538771540275617_51556883.jpg	14	1	1441480560
1067538624882747774_1327852377.jpg	15	0	1441480500
1067538221667722077_1809872567.jpg	80	4	1441480440
1067537763303861004_292890681.jpg	25	0	1441480440
1067536935107671656_1942473308.jpg	104	0	1441480320
1067535400043154844_12858714.jpg	118	1	1441480140
1067533508093220715_6108652.jpg	35	1	1441479900
1067531479162579696_639190537.jpg	39	1	1441479660
1067529899184495894_502465006.jpg	44	3	1441479480
1067528817836333246_223872085.jpg	12	2	1441479360
1067528306927759323_1732661690.jpg	114	5	1441479300
1067527160019172554_2093010398.jpg	175	14	1441479120
1067527063746601834_1752878799.jpg	172	2	1441479120
1067526046401670400_352504074.jpg	74	2	1441479000
1067524702368161419_684531782.jpg	92	6	1441478880
1067522310164753443_509127858.jpg	84	3	1441478580
1067521665392237368_1043723893.jpg	38	0	1441478520
1067521529200103329_41260882.jpg	36	0	1441478460
1067521020896133375_1564634527.jpg	33	2	1441478400
1067520164072123313_1902201401.jpg	20	2	1441478340
1067519972794695599_1743866022.jpg	42	2	1441478280
1067517419530405288_36187480.jpg	27	0	1441477980
1067516905786947022_1623617540.jpg	34	0	1441477920
1067516465889964847_702604123.jpg	31	0	1441477860
1067514785207106235_1550884045.jpg	30	0	1441477680
1067514447205072550_347494190.jpg	627	1	1441477620
1067513529936148604_1725049381.jpg	107	3	1441477500
1067513527700367596_1560845073.jpg	60	3	1441477500
1067512094855176582_1233594519.jpg	53	2	1441477380
1067511452890014808_1942482792.jpg	70	1	1441477260
1067508847563774895_197702053.jpg	28	0	1441476960
1067506243990911845_780321469.jpg	44	0	1441476660
1067505526456867005_1560638733.jpg	31	1	1441476540
1067503820690257898_904251884.jpg	30	0	1441476360
1067503437886041647_1583358370.jpg	192	9	1441476300
1067501623779762617_648895743.jpg	107	2	1441476120
1067501424140024498_780321469.jpg	44	1	1441476060
1067501223332818795_683940778.jpg	65	5	1441476060
1067500178299917605_15693812.jpg	23	0	1441475940
1067499391681312915_1191001805.jpg	2894	165	1441475820
1067498588029176925_911553442.jpg	36	0	1441475760
1067498471165459022_780321469.jpg	50	0	1441475700
1067498328282456886_338971623.jpg	17	4	1441475700
1067498171699068294_285170030.jpg	16	0	1441475700
1067497891779935474_1420565350.jpg	39	2	1441475640
1067497589707678147_2018491831.jpg	52	0	1441475640
1067496237304213196_1647231370.jpg	50	2	1441475460
1067495698863717398_2079000478.jpg	46	0	1441475400
1067495423968557754_55915013.jpg	383	2	1441475340
1067492942999709926_321308833.jpg	215	14	1441475040
1067492301515279802_1378699626.jpg	25	0	1441474980
1067491451554789920_431018101.jpg	21	1	1441474860
1067490761036292339_1949006303.jpg	37	0	1441474800
1067490228618529423_1413765129.jpg	40	2	1441474740
1067490216666420101_474986747.jpg	16	0	1441474740
1067490068203683880_2157855623.jpg	32	6	1441474740
1067488482953597922_1446514419.jpg	275	2	1441474560
1067487099889733953_789058923.jpg	46	3	1441474380
1067485268716057565_304689635.jpg	47	0	1441474140
1067484029138342403_2094083171.jpg	33	0	1441474020
1067483889862915155_880638788.jpg	108	9	1441473960
1067483857198136344_1259869238.jpg	92	0	1441473960
1067483735854505691_1654061878.jpg	74	0	1441473960
1067483399004183367_50979437.jpg	71	5	1441473900
1067482769085718764_2087708351.jpg	3	0	1441473840
1067482518458437552_2069672530.jpg	54	4	1441473840
1067481918757239792_1747842909.jpg	117	7	1441473780
1067481110415050888_1904253745.jpg	33	1	1441473660
1067480947245485535_231796058.jpg	30	0	1441473660
1067479029479300182_54104790.jpg	40	0	1441473420
1067478527593575632_224026180.jpg	37	1	1441473360
1067478080773347761_211335181.jpg	53	6	1441473300
1067477624174292295_245206418.jpg	10	0	1441473240
1067477522018885941_239532455.jpg	26	1	1441473240
1067476915423668729_1747969217.jpg	29	3	1441473180
1067475885436904613_21134296.jpg	35	0	1441473060
1067474993581685533_2066200797.jpg	44	4	1441472940
1067474881118940181_182254042.jpg	42	1	1441472940
1067472859745984857_1721000487.jpg	2	0	1441472700
1067472838424762824_646898045.jpg	57	0	1441472700
1067472688697724143_39504242.jpg	48	1	1441472640
1067471189904866676_1611728982.jpg	34	0	1441472460
1067469790744013007_1747969217.jpg	26	0	1441472280
1067467677713159383_2109114980.jpg	13	0	1441472040
1067466420693822683_966156850.jpg	30	1	1441471920
1067466382031887440_1997512982.jpg	22	0	1441471920
1067466284731375503_1157631958.jpg	20	0	1441471860
1067464139213251481_1015074487.jpg	29	1	1441471620
1067463784700228259_536617475.jpg	58	1	1441471620
1067462062088838030_211335181.jpg	62	7	1441471380
1067459775935212167_1124772233.jpg	112	7	1441471140
1067459554030261835_529431156.jpg	38	0	1441471080
1067459289235461690_529431156.jpg	42	0	1441471080
1067458681833133607_529431156.jpg	34	0	1441470960
1067458423607186942_1277096716.jpg	3	1	1441470960
1067457013163752731_1437932046.jpg	24	0	1441470780
1067456789591296676_970232753.jpg	100	4	1441470780
1067456716199075129_1991512470.jpg	59	1	1441470720
1067456618948283846_404650850.jpg	63	2	1441470720
1067456607876511115_355612012.jpg	43	1	1441470720
1067456564382337690_970232753.jpg	69	2	1441470720
1067456434895494447_1991512470.jpg	25	0	1441470720
1067456243450972813_970232753.jpg	69	2	1441470720
1067456224937024801_1991512470.jpg	43	0	1441470660
1067455978681048342_1991512470.jpg	30	2	1441470660
1067455135349603454_263682942.jpg	53	4	1441470540
1067454751116723303_373666888.jpg	38	2	1441470540
1067454225806235485_2068722788.jpg	135	4	1441470480
1067453857823017356_176902641.jpg	13	0	1441470420
1067453454515501552_369492621.jpg	133	12	1441470360
1067453200053916764_243856108.jpg	70	2	1441470300
1067452526342860204_1563734250.jpg	55	1	1441470240
